399.30606
416.48412
403.9011
398.103
385.0441
400.91181
366.76407
362.921
403.99599
382.43985
399.36018
386.16014
365.40103
386.16705
376.92213
385.78296
386.23405
412.04095
426.61881
395.27392
391.88313
397.01796
402.64297
381.04796
389.53209
394.77301
406.59213
415.14897
382.03597
418.89286
406.90184
400.26402
401.50595
364.66193
387.53986
372.48707
376.16706
363.92212
401.46899
366.67585
360.71801
364.393
349.72191
359.60007
356.3261
348.5539
345.65115
375.40603
347.27597
381.01292
503.23892
368.80922
405.86185
386.68609
379.88806
381.14619
385.12588
362.67519
378.31092
377.89989
401.14117
375.00095
373.16179
443.91394
417.61589
420.54605
399.96791
455.86896
416.47792
401.6521
414.16907
393.50677
463.85098
397.92085
397.60399
465.96789
426.92018
425.71211
434.97205
476.81808
461.32016
396.6589
441.27989
421.12112
463.21702
456.61592
449.13793
437.10899
420.542
437.93511
432.01685
456.99215
406.03995
419.97886
428.03693
419.6291
372.75481
397.52316
403.15413
386.33585
518.39018
392.02094
445.74285
391.44802
395.35594
449.98002
439.16893
462.94689
482.48386
449.15509
499.47786
502.73895
429.47912
412.50396
421.11492
460.71792
430.85814
454.30493
482.41591
449.98121
485.15606
514.65392
458.04119
432.65605
417.68694
416.79001
481.58503
395.50996
442.25311
432.78289
459.5511
429.50797
440.26685
483.23512
535.29811
500.70381
478.5192
466.24017
495.21589
476.71604
500.19193
437.50191
529.217
541.78119
540.60578
491.96386
579.78511
514.07909
534.46102
586.14302
942.03305
769.01412
803.14898
598.90699
530.32804
581.66313
508.44002
555.08518
517.3471
528.68509
557.56021
611.29403
618.27612
570.03689
589.03193
592.39697
624.76015
525.00987
534.88612
566.94508
544.79504
508.93402
517.82894
476.8219
495.48006
449.22996
454.24795
459.60498
464.499
463.88412
437.09302
471.94815
447.48902
466.75491
465.50202
471.22693
452.1091
460.62708
444.73505
488.17515
458.63199
478.5769
479.34008
449.53299
429.71301
422.13297
454.47612
431.26202
436.19108
397.02916
