425.64702
426.27501
477.69809
424.08395
387.21299
374.73083
426.99695
366.91809
405.42793
355.82709
381.145
359.07602
362.90598
353.96695
372.19
351.88293
357.07307
354.30098
351.63403
397.09902
352.87619
377.01702
361.91797
409.43909
494.84897
368.87884
362.89597
356.07195
358.01888
353.96004
410.98905
354.02417
348.22607
374.30811
376.59097
365.242
351.7549
351.03083
348.91891
350.37088
355.7632
394.15216
372.76697
355.11088
364.24994
353.52206
420.11189
354.01511
384.05991
438.24196
525.47908
349.12682
352.07605
380.64981
369.72594
356.86707
352.55599
357.512
348.64593
351.053
358.567
385.64205
347.79501
355.43418
352.81205
358.15811
350.78716
358.06108
360.18014
359.02905
374.50886
367.89012
362.58292
394.0258
346.56811
389.38999
410.08687
369.58289
463.85908
352.64802
398.04888
433.37393
424.84593
369.81416
364.77399
439.16607
449.46098
436.15007
385.01596
378.98016
382.56812
510.34689
353.17206
388.63897
406.65317
355.56293
515.14983
434.67617
431.68998
412.41884
692.91091
392.44318
373.08788
359.26509
359.53999
381.79898
438.23004
355.80015
421.26393
371.77992
356.28319
355.41701
360.69584
398.50497
353.76501
351.49097
355.00407
356.03499
351.69315
376.98388
380.47385
378.97205
346.69805
350.60501
396.83223
363.80196
372.82801
423.26689
357.687
358.12402
354.78616
395.293
358.11305
377.40088
354.60997
360.0111
386.54304
390.27715
360.86798
353.20687
365.90886
395.51401
421.30399
423.71106
410.77018
395.17307
358.01005
368.68715
365.65089
380.43594
522.94898
352.27895
361.7959
352.28992
361.80806
357.29599
419.12818
358.19316
354.26879
353.68204
461.59601
387.76302
350.30913
499.61185
378.04103
466.07113
362.3178
409.2412
382.89404
397.77017
363.93809
366.54401
354.30598
372.76506
363.54399
373.44408
397.10617
390.66792
369.52901
357.11598
350.79312
374.3782
356.75788
373.17491
352.28515
405.24387
364.09903
456.0678
445.92619
442.80696
379.30989
423.04802
361.00483
371.69719
384.00698
359.8671
388.21101
424.61705
383.28791
414.42895
