716.37702
1315.95802
652.26102
543.12801
633.02207
1054.672
812.97398
517.39216
561.96809
1752.65813
667.67883
671.60201
1202.3201
468.49799
623.97599
568.76278
704.24318
730.94201
704.6299
652.73285
721.58098
590.82699
699.24402
640.66911
599.86997
729.73418
702.50177
744.5662
655.01118
537.3888
774.87206
760.55694
750.50211
764.05406
665.75098
668.44583
694.22913
630.36513
693.12882
633.26502
505.37205
769.63401
683.64191
628.11899
546.08393
718.02402
695.20593
1019.78302
555.26209
719.81597
741.43505
726.18508
714.43391
653.65314
621.32883
569.9842
791.75282
689.39805
720.51096
805.48096
663.76114
743.86287
728.01018
724.38622
699.68891
609.18593
558.67505
721.29393
746.45901
703.22108
619.42697
568.27998
675.19403
731.34685
763.63707
703.64714
721.15421
686.07378
571.0361
1492.25092
630.58519
1014.20522
600.53086
552.97709
573.85588
654.39987
934.30018
1130.76496
1001.88994
1082.94106
662.21786
723.63114
711.5581
672.75
575.85192
733.54506
727.35
680.07588
617.37418
602.139
1051.29409
730.64494
737.53595
735.67605
738.28721
798.27404
707.30615
657.10902
641.6831
576.89023
415.46202
371.21296
355.15308
347.27788
347.44692
352.97608
375.47088
349.55192
341.71295
342.89694
370.07618
423.61999
378.97611
400.78092
343.79292
348.09995
349.9012
341.69102
358.89602
343.30201
348.93489
367.68508
381.43396
346.83704
349.06602
374.95112
346.49181
415.20715
348.3932
351.04203
340.46102
339.64109
358.45399
336.87186
342.38195
350.25597
353.03712
341.54201
338.43088
505.687
494.87495
391.27898
345.294
344.05804
346.05908
347.42689
358.67
362.63704
341.44998
369.28391
346.67516
354.55298
371.77491
339.77699
431.39982
424.65305
348.78993
341.17103
447.39199
368.02387
338.902
340.29889
357.20611
352.17404
343.15491
346.05718
370.7931
363.37495
347.20898
345.54195
339.81299
344.91491
348.43898
348.63901
378.99303
372.37096
454.51188
431.91504
457.93986
359.28512
344.04492
345.30497
344.4171
338.14383
372.97702
359.12013
357.58615
356.03094
361.65786
383.78286
