668.73312
539.16311
591.41302
564.30411
575.14191
537.46581
569.03315
552.07396
612.62798
630.15008
567.384
579.23412
522.56393
505.81908
530.24387
528.04804
526.05414
548.56181
530.08103
555.80497
525.0721
564.91113
488.24096
537.32896
497.49303
481.93002
464.49113
504.69613
443.75587
515.57207
530.75385
530.28822
502.72703
536.52501
503.49402
548.68507
529.19507
583.37593
567.81411
563.96317
628.99899
611.78303
607.39207
626.77693
582.06391
522.81809
539.49308
541.74995
524.8549
500.08917
567.78693
506.96301
501.08194
538.94401
565.03892
568.31408
559.40986
618.53194
589.01501
632.38406
534.554
548.08903
396.92903
483.51979
560.13012
573.29702
530.26009
569.54885
629.33183
690.98401
582.16214
534.17301
563.68494
539.04796
628.05605
591.51697
637.90798
784.90305
630.54419
663.20109
636.4069
587.82697
632.14302
676.03898
734.27892
788.91993
815.78302
830.91712
868.60895
811.30385
766.2971
680.97305
665.48777
640.89012
661.15785
729.69413
663.49792
634.14288
651.7241
611.65214
780.195
1058.38203
1154.23417
1266.65592
1153.72586
984.61819
901.34096
986.32002
986.69004
1068.40301
1144.59586
1077.50392
1170.34721
1068.2528
871.89817
707.69382
611.79209
598.74892
471.85183
509.25303
459.49101
459.85293
538.95402
584.51605
505.33986
568.40801
573.43102
558.31885
636.75308
501.70088
492.71512
516.57891
498.60692
451.62201
475.70395
466.23111
438.3862
468.67013
426.33319
526.56007
458.76002
485.10385
535.55489
593.06002
546.01789
511.26099
562.41393
553.81203
828.29905
577.0371
587.66699
569.63897
586.84802
661.18884
590.09099
602.15807
584.56993
536.87
538.44905
510.98895
614.62688
618.25895
655.8919
630.42402
607.35488
600.05403
626.41001
694.72384
601.62401
633.64816
563.627
664.45899
609.51209
600.29602
459.35988
579.88906
547.59407
591.51316
633.65889
578.16291
649.87302
619.87901
687.11782
567.204
534.43694
461.99799
559.63206
561.07187
442.487
527.97508
489.81595
471.85683
476.08805
484.15089
512.92801
520.48397
667.25302
557.67083
510.08391
575.35505
