411.10301
409.39188
443.82787
403.68104
454.05483
446.16008
403.48315
406.65197
413.75804
429.58903
412.81009
416.37707
418.2601
420.39084
412.86397
428.63512
430.48692
448.75193
412.6389
452.64792
430.59897
410.09116
459.13887
461.97891
453.75514
470.45994
455.024
438.99083
453.24087
452.72899
470.95418
427.26707
469.08903
434.87692
439.75306
410.64906
431.39911
394.74893
401.49212
411.01003
401.89004
398.01097
444.25797
430.15409
503.69096
462.8849
425.60601
476.70698
464.48898
473.22702
626.64604
443.64715
481.57907
408.89502
460.86502
440.50694
429.9531
413.00702
405.65991
419.43789
415.36498
434.58486
435.73999
449.224
453.13406
440.51909
489.45308
465.96718
447.62182
504.61292
483.325
481.48799
472.44716
469.75994
493.55602
451.49708
438.14182
448.99392
462.60905
461.22813
439.59808
426.01204
417.39392
409.88517
413.91993
404.73294
433.75683
507.56598
463.33981
378.40486
387.9292
385.29897
473.19102
382.80392
412.13799
411.31496
386.82008
377.28691
378.6428
412.22596
524.25885
378.12996
380.54705
376.81079
379.95505
385.77914
380.97596
379.64392
376.95384
377.72608
376.51396
375.54097
375.51904
379.06098
377.99001
379.02904
376.0469
374.50004
376.31106
375.90599
375.80609
376.22809
375.42701
405.04599
391.24703
376.54996
378.77202
376.76787
374.69697
375.48995
377.05398
376.25813
379.70901
374.93801
376.09792
376.91712
381.77514
375.139
379.2541
375.30303
380.55086
375.01216
384.40204
377.54989
374.87578
375.90289
376.30916
382.88093
376.04904
410.5289
527.54188
376.04308
376.64604
380.90396
375.05007
377.04206
387.99405
379.29416
376.64509
377.80094
394.02294
375.16403
384.13191
382.12681
377.7101
377.15006
376.40715
377.66099
376.61195
373.68107
380.795
377.04492
381.63805
377.65908
377.1379
376.81699
377.22802
378.57819
384.51886
376.24812
376.99795
378.93319
376.07694
376.01686
382.66087
375.22101
376.49894
387.23803
375.39697
380.6901
383.75306
380.93305
380.24402
379.04596
387.16197
381.02698
391.11614
413.64884
399.43385
412.12797
