399.02306
472.07499
401.75009
392.02595
496.557
500.37098
427.11902
406.15296
427.26898
445.74714
554.54206
420.51792
394.51504
402.50921
388.38911
431.41699
390.131
449.74017
470.20507
392.277
418.02883
380.059
383.13293
403.52106
387.41183
377.91204
394.24801
385.51497
387.42614
406.62622
402.80008
399.02997
382.73287
396.66796
387.31217
384.70984
381.55484
388.92508
386.37805
390.38801
379.95195
409.50513
385.03718
388.40008
378.28803
431.96607
386.04498
392.66515
427.51789
442.47985
541.93211
442.63196
439.35013
459.62715
391.53504
568.56203
470.34001
433.02298
429.71087
444.8781
434.87191
419.77191
431.48398
433.496
435.27389
461.47108
478.99389
773.08512
614.27593
503.92699
487.84208
473.7649
454.21815
459.85508
448.24219
433.5289
426.60809
451.64704
454.08893
445.97697
438.49802
397.02296
405.17092
451.1292
419.74092
430.24707
452.2562
462.59499
434.6149
416.73493
383.70085
389.27913
395.86401
401.66712
401.36385
391.03198
476.59492
457.02696
392.67898
430.49097
516.56318
384.63902
403.21493
388.09109
382.86686
385.94794
405.75695
408.01001
393.91994
403.74708
394.53506
383.39305
476.74704
533.56886
510.83302
570.79005
524.97983
546.0341
559.06582
545.42518
613.05213
586.411
636.40189
528.65696
502.84505
440.00196
537.79697
580.84202
515.67101
545.69483
446.88392
470.86
434.97586
435.56905
456.94709
503.81207
473.84596
502.09999
484.97701
466.86292
556.67806
437.747
391.6328
395.015
382.45511
392.12394
383.15797
393.65602
431.76508
429.56996
543.48803
381.24394
379.96793
414.88314
380.65481
378.63398
408.01001
412.637
446.39587
377.39897
420.47405
384.70197
411.24797
400.76804
382.30109
393.11409
398.6671
389.13488
408.91504
387.03084
417.73891
382.03716
388.3872
378.03006
410.18701
382.87616
381.03986
409.9071
401.84188
392.79103
393.92614
378.41582
395.11418
416.62407
394.28997
389.67609
390.73515
377.79498
393.67008
432.87086
420.63713
390.88106
439.89396
394.28902
393.27598
400.86484
390.81216
377.76303
385.13803
447.66903
377.89392
377.13289
440.26017
446.37609
388.13186
390.38301
383.70013
398.59605
419.88993
386.67488
424.23987
398.40913
400.50507
419.74688
433.76493
404.65903
418.72311
376.64104
375.0639
377.89679
397.03321
425.76289
388.62014
448.99201
427.42181
384.91082
401.49307
382.03406
385.64587
378.89504
381.64711
423.94805
405.42889
400.38085
489.30311
510.84304
509.28998
504.36711
688.78603
507.85112
806.3271
555.7549
546.33307
569.43202
675.35877
717.87405
721.2081
619.33899
622.0758
531.41689
721.843
614.12406
564.94999
571.07306
543.17093
531.54302
607.64003
564.56208
577.53205
571.18082
460.48379
514.72282
462.56781
453.61996
421.12994
425.88997
459.51414
436.35798
463.96899
478.24097
444.50498
442.63005
437.70003
476.90105
416.82696
401.31497
417.63306
472.85795
431.37288
403.89395
411.25083
521.57784
428.50399
400.37107
416.54706
429.61311
381.14715
544.451
430.34792
384.42707
403.24497
384.72104
394.86694
440.09805
401.407
495.82005
409.78312
436.71083
457.38196
432.27696
527.54402
384.058
381.44112
396.19803
376.15418
394.19103
412.00209
409.63101
378.88598
376.30701
376.50394
388.12709
382.94387
395.77699
392.01999
379.50492
389.4248
417.89198
392.12894
401.25918
386.93285
387.043
373.97599
438.38906
422.80698
479.707
420.63594
375.99301
374.44091
419.384
376.90902
372.39814
374.90988
376.14918
373.66319
375.50592
372.20001
379.41194
404.0978
428.43008
378.99995
375.54002
379.65703
374.07303
374.37916
377.40088
400.02108
374.76611
376.28603
435.46414
532.86791
384.91011
381.01006
373.1401
455.87587
396.67201
421.79918
397.60709
400.25806
417.49406
379.39405
382.78794
373.66605
396.16585
396.75784
427.50001
393.22615
376.09696
396.01111
374.4061
384.28617
386.13296
377.91514
389.67323
376.39809
397.87388
418.04314
407.9051
483.81805
452.22092
413.91015
622.40815
489.94088
439.12196
412.25004
405.27105
394.76609
388.02886
396.91401
382.65014
383.63695
382.056
372.54095
386.47795
378.70812
383.74209
381.54078
376.65486
381.05011
412.41312
511.08909
560.91905
519.35387
538.13195
454.16093
497.58601
477.59104
490.81302
439.996
442.39593
467.61394
436.59782
474.74885
453.97711
401.67403
415.06696
406.81505
539.29806
444.74697
450.73509
464.75506
437.6049
488.47604
469.7051
394.51194
380.79906
398.0298
554.06284
384.81903
409.72805
435.75191
444.22293
388.40818
397.51482
435.8511
378.20387
497.70617
379.75287
398.50211
404.31094
397.87483
411.726
434.29494
498.33202
534.72304
440.47213
411.78203
424.7539
397.36295
439.62383
576.42484
431.6082
417.063
475.07906
455.46412
378.66306
378.28898
385.13994
381.54197
423.10715
415.30585
425.12417
388.87882
435.51803
396.03519
422.75691
452.48699
460.55984
494.86995
435.51087
397.26591
416.13698
412.2541
387.25996
397.4309
402.51708
394.62209
501.61505
415.36403
415.25006
571.4469
458.86087
399.87302
559.06701
485.0831
442.23785
399.67179
429.62909
451.38288
425.19879
430.547
413.46884
425.524
488.08312
416.03398
404.12116
411.1228
388.54718
424.62707
476.62091
553.2012
458.20999
479.50196
439.83889
472.70799
520.47181
467.77916
504.4291
386.41405
510.93197
426.404
472.92995
403.01609
392.32397
436.47099
416.785
426.14913
444.7279
471.58098
380.49793
395.53308
391.77608
389.93096
435.51087
527.17805
605.62301
413.89918
454.50997
414.24704
434.11803
476.76396
393.10503
483.74295
398.26202
408.37502
413.15603
399.12415
418.53189
409.56211
496.31095
526.17192
403.88083
546.12112
470.92199
459.39708
424.33906
425.88782
415.39884
587.31604
494.91692
552.81591
414.15787
460.35099
539.94989
568.151
478.01399
485.20303
417.39416
456.87509
508.46696
430.99308
569.07201
536.8681
428.17807
646.6229
447.33906
427.77109
508.60095
546.41795
466.13693
557.04308
573.54999
615.28182
567.85488
552.39916
504.04787
510.06317
467.4809
672.01495
595.03698
581.63214
546.42892
522.22586
526.96896
528.15318
560.82916
501.9381
681.13995
502.43807
456.02989
438.34901
494.07005
505.10001
447.64018
427.20008
447.01791
431.73599
416.89801
416.996
431.36215
