337.18109
339.18619
341.06112
359.90906
347.80693
344.15007
365.67211
343.37997
375.57411
339.90717
369.29202
334.94091
337.06713
332.64208
335.67595
333.48107
340.29198
344.81883
358.28686
419.3809
376.97601
351.69697
391.77895
338.31882
351.017
347.46099
340.02995
335.7842
388.96894
339.04219
340.24906
340.06596
345.04509
344.29002
336.5829
339.39719
336.94577
369.28606
340.45506
352.80418
379.99105
335.29997
350.19708
338.42087
335.05297
341.41803
338.7959
336.91406
389.0028
376.60503
498.11196
355.50189
391.03293
443.99619
471.95601
355.42893
360.41713
369.7772
350.69299
345.32404
363.12199
351.65191
357.69415
453.619
357.02705
357.18393
338.41705
336.41696
332.73602
338.29403
333.26602
348.57392
363.81698
402.09913
375.37909
338.58895
369.56
341.13288
345.31808
377.89297
363.94
364.16912
359.51209
358.18005
373.17181
410.37703
428.64394
349.78294
408.24699
373.03996
352.55194
375.808
338.66692
341.03298
344.82503
349.54596
456.96306
368.33501
359.478
427.56486
481.32992
368.25514
348.93894
339.16903
349.93505
342.79704
353.04785
340.8041
335.41584
351.5892
366.63103
375.54908
339.06388
342.92006
334.92303
340.693
337.43
335.464
338.39607
365.18812
460.51598
349.95794
345.10899
340.03806
394.0289
340.66892
349.28012
377.54893
384.78398
427.52099
428.96295
376.06287
382.90095
358.27708
466.76207
346.14301
356.33802
336.76505
354.82883
383.25
357.84006
354.04086
432.69706
392.68303
342.65995
345.11089
384.48501
391.6719
380.00107
375.036
476.70913
335.06489
338.81092
335.92892
374.80617
413.0311
354.146
379.14991
420.017
348.56319
442.08908
390.20896
448.47894
427.26803
369.86804
352.09298
386.971
342.067
365.56196
360.44002
393.47005
436.27214
372.63298
429.92091
391.88218
350.55304
392.90309
339.6728
341.67004
338.79089
336.2329
351.53413
394.1431
363.168
398.65804
345.90697
351.56798
338.76991
334.68413
337.99911
365.623
350.05188
368.27612
369.80915
457.57914
403.16987
381.80399
337.80098
340.03592
388.3369
394.37294
401.13306
385.23889
458.10008
438.59196
405.83491
388.19599
380.43594
400.20108
378.71099
428.4761
363.66892
369.03405
374.20988
424.62802
368.75391
399.5142
396.01612
484.41482
418.30015
450.67
381.60014
401.42608
378.55196
404.0029
370.67914
431.60915
449.97501
503.46684
428.159
393.47887
380.52917
454.90885
436.8391
440.67001
411.08108
417.19294
422.77694
402.47607
382.28106
393.52083
469.94901
407.91702
443.87484
401.793
443.48288
402.26007
421.6392
432.35898
413.11002
786.3431
612.13398
450.63996
408.96988
394.17005
386.30486
474.93792
422.78099
392.51614
484.24792
654.69289
404.43301
397.24493
373.9109
428.88689
503.34811
400.51985
373.53802
521.84486
413.37609
382.91287
376.99604
388.66901
392.40003
419.60692
401.77512
374.32194
401.9928
382.88999
380.05304
382.90787
392.416
369.74907
381.79994
374.16601
376.53184
382.32994
503.03078
404.24705
436.01203
397.91799
390.28621
366.99414
377.31385
374.41206
433.00796
391.63685
385.01906
385.39982
448.41909
527.79388
370.4071
371.65904
378.65591
367.40804
372.20883
368.88504
365.53192
375.02193
380.14293
372.06602
365.66496
384.65405
389.86087
372.3352
376.51706
377.01392
377.66004
410.37512
409.57284
411.58009
411.31306
377.002
371.90485
367.82813
371.99998
388.23891
368.1519
368.28089
377.49982
404.86097
464.73908
440.1319
462.25095
571.40994
457.3431
389.90784
485.10599
474.10917
504.95005
422.14012
406.15082
366.503
447.17216
383.2221
506.76894
420.95399
516.14189
464.01215
416.97407
558.31313
443.33601
427.77205
390.99717
383.91995
366.79196
388.79704
401.37506
375.38409
382.55405
368.15906
370.42189
370.79
370.52011
416.39614
382.15399
368.13998
376.91712
400.67005
446.35201
408.90503
399.98388
379.43411
467.89193
415.34209
409.39999
410.98905
392.7958
489.10618
457.24416
368.50786
369.06695
368.66498
367.24496
370.42594
368.06488
372.51616
374.91202
372.90311
370.16082
406.31318
376.62601
486.61184
496.33622
453.34005
433.01415
511.34109
446.40589
519.5601
795.73488
460.7811
346.53091
428.37501
420.259
397.012
376.55306
437.85405
380.14793
393.76998
404.75512
392.28201
384.77993
421.53406
398.86498
410.78305
372.76196
346.92216
403.91517
447.62206
426.70512
376.22595
392.22097
416.03184
437.5968
421.79108
373.47007
370.94307
404.89912
376.81603
400.85793
362.324
413.75089
392.10296
361.42612
365.18502
380.52297
355.53789
377.6412
369.313
381.01602
371.907
372.94888
449.74017
426.10693
371.54412
351.408
362.91814
400.02298
460.46185
426.64504
542.23299
393.713
344.44499
407.85003
393.03803
384.67908
414.16097
411.7341
383.92591
351.00508
385.02789
435.35018
356.34184
401.10588
384.79495
374.05109
497.19715
422.90497
354.12598
430.77588
366.66107
363.20806
414.6049
420.88103
357.18083
391.61706
407.04584
412.50706
401.26204
346.69399
390.64717
386.46603
350.59905
370.51415
379.37903
354.06494
405.56502
349.76983
403.01299
402.39191
358.13904
353.297
414.53099
366.92214
354.38204
347.54586
354.33316
442.50202
403.13005
390.42592
484.96699
391.12592
385.78415
353.53899
356.92692
361.39011
369.066
365.17096
375.63801
365.026
364.58516
462.97407
456.86102
423.10596
444.74006
376.88684
353.30319
416.049
372.504
375.89717
358.06298
407.01604
376.17397
356.00209
371.91701
387.79187
375.05198
357.02395
402.601
367.82813
392.12704
374.31383
361.7661
395.93911
425.06099
413.8689
451.84803
520.55502
438.07411
414.52909
367.02108
413.04588
360.36801
381.54697
386.04403
438.76481
392.53902
395.35403
387.66599
386.24883
516.10708
490.08894
469.61093
409.74498
411.14402
406.49319
344.94996
412.09388
405.8249
393.255
397.12906
363.42001
379.86302
366.10603
414.97707
375.93889
386.99389
355.77607
381.05083
386.28387
382.54404
401.86596
398.41604
411.74412
423.13814
439.64291
406.7502
372.84398
379.60219
374.43304
356.75883
389.14895
399.4
348.78612
345.40391
422.28007
371.29712
384.53293
358.284
386.17897
464.08796
351.27091
442.36398
371.08183
382.12204
432.36613
393.00299
364.58516
354.635
456.21395
