1156.80099
493.92414
596.06194
840.64293
611.48906
405.39122
415.74407
653.26786
449.83315
474.73717
495.46599
1183.46405
605.27205
656.36706
1376.99604
877.7349
1110.26502
461.92598
497.26701
510.27393
563.95912
938.50088
671.22006
490.44991
668.85996
535.10785
631.58393
669.14415
505.92017
781.93212
784.82914
399.52016
831.15888
907.75394
990.29398
702.18205
1299.57294
934.73983
1360.72087
842.12589
1013.99803
701.7529
1416.05282
774.32585
697.96705
730.45206
995.69488
1074.8868
701.57981
899.35589
1269.33599
499.27306
701.09797
508.95596
892.04288
723.5322
480.10683
399.3969
1118.1531
603.89686
558.3849
657.61089
600.56305
475.90208
604.42901
708.2808
625.75197
611.6271
519.20891
539.05892
719.86794
414.37697
423.61093
456.43401
399.57905
718.858
588.99403
449.26596
428.92909
844.23804
536.9401
496.81401
1284.32298
684.70001
602.00095
1003.41702
644.18888
799.52502
508.67891
683.48122
791.92996
941.73408
779.91796
573.78912
697.73293
635.2458
598.38796
474.787
453.66812
724.298
572.76297
567.40594
405.99799
705.37901
528.57399
498.53492
525.34294
585.1562
1241.31703
765.91897
508.3971
644.96517
855.50404
400.32005
741.53304
705.21712
1021.56806
485.43906
491.71185
448.63391
544.95287
446.58494
514.59289
512.19296
1091.63404
666.72087
472.65005
566.79487
448.241
652.98414
479.61521
887.12287
515.05399
856.673
770.27392
499.00317
502.53606
562.72793
587.75997
454.12993
1257.0281
618.00003
620.16106
475.68107
877.29287
493.70003
509.44781
1470.59488
623.99077
1013.15689
1086.18617
771.11816
765.57398
785.16817
470.74485
510.69403
1101.78185
762.676
541.59403
566.90788
501.85919
572.119
853.66011
579.16498
1235.55899
459.19299
813.70997
807.16205
453.7251
428.49112
846.38786
511.31487
490.87811
413.99693
430.52697
677.32596
501.82986
719.78307
661.69596
1042.80496
493.19482
778.17178
525.74801
445.93596
688.99417
566.63704
773.08393
1193.72416
450.32191
495.95809
628.56007
603.99103
1118.65306
587.39591
634.39393
517.07196
668.27512
545.76492
617.67197
929.3189
