418.87689
486.24516
473.04416
452.73781
340.43503
546.30995
634.89199
493.07394
488.10101
504.09794
472.574
430.4769
541.6739
469.50507
623.73495
742.589
753.80397
566.31899
425.10581
530.57504
490.43012
636.74521
994.54403
999.36199
795.66979
836.71713
979.99001
613.07406
722.29004
533.37598
459.81479
367.55395
591.537
731.5619
442.52706
386.25503
566.571
525.03991
472.82505
364.93802
512.90488
425.25816
350.18182
476.58706
373.30818
413.76495
361.88293
524.68014
545.84384
728.01208
820.83702
391.89601
552.29807
388.86309
387.17794
565.1772
362.88595
395.77198
409.60693
585.54101
423.01297
562.91795
505.19395
543.85209
446.07306
460.86287
430.88293
497.08581
499.32313
510.56004
648.26703
615.77082
479.17104
495.38684
537.90712
484.26008
528.53703
602.00095
407.52196
472.62406
571.41209
423.25783
736.51505
874.78304
776.17407
735.9159
1012.67195
1094.92993
710.04105
960.05797
856.97389
720.87502
857.19204
836.19285
652.11296
812.66117
738.82294
1710.88314
1166.76688
1034.14106
1184.23891
901.25799
924.44706
997.02287
1470.42012
778.5449
995.79
1047.87588
1142.22217
616.76121
937.73293
499.80092
596.26508
599.80392
796.04816
1169.95382
702.81696
917.32121
1060.42194
1189.52107
981.09484
984.18498
1146.71111
1057.724
849.37286
744.09914
935.75907
839.8149
810.94313
693.13908
620.03398
689.47697
803.42412
771.93213
740.7949
1022.45092
674.26205
580.38306
542.48905
884.92298
980.29709
782.00793
820.37306
586.11917
844.05398
823.03715
857.06401
934.20506
839.72907
949.78786
831.73513
928.28107
1084.73396
605.25298
949.53108
640.39683
541.08596
798.75207
705.405
1490.86118
803.94387
667.7289
654.89793
475.10195
833.87899
1028.48816
717.34691
638.05008
499.87698
557.47008
500.35787
629.035
1034.9741
541.19205
929.91996
698.51804
821.1441
571.59209
684.16286
725.22616
528.49483
554.322
489.24589
542.09113
445.74499
492.25497
429.78692
348.57392
415.61699
562.07299
767.869
695.46795
464.25509
361.57918
410.89392
371.80686
358.93297
405.24697
502.89392
670.3000
