331.21395
353.3771
329.81515
412.1089
334.78689
334.481
347.07999
389.97483
368.53313
400.91085
389.13798
353.92714
350.22402
337.83197
341.58611
341.40801
333.5638
466.95399
338.54413
340.88707
344.08998
340.05404
355.25084
341.6779
333.80198
389.65416
408.6411
331.77614
343.30487
-333.24909
340.05904
333.99701
331.82597
418.87498
344.558
363.01804
333.184
332.1681
345.43896
330.26409
327.8532
386.132
339.571
334.06806
339.42604
331.9509
334.18512
340.00492
334.85198
570.82987
585.87122
333.52494
335.43015
333.05001
332.83591
329.28705
334.18107
330.08289
327.90995
347.53895
328.55701
334.17201
345.83807
343.17708
343.50801
393.68796
360.27908
329.77891
331.71701
349.27797
351.51696
366.69493
416.04495
351.06587
329.04816
329.79798
333.80508
341.52007
343.41002
388.80205
330.7929
331.79116
332.70383
384.52816
332.56698
359.55715
363.73687
339.58793
710.75416
908.12397
326.57599
432.49202
339.69188
448.35091
358.31213
368.55102
433.13503
333.19807
359.4079
571.70391
493.08491
335.02197
333.23598
356.879
330.60002
335.6719
333.54998
334.02896
330.29294
333.54092
334.0559
338.31191
693.24398
338.15098
330.29389
343.925
334.32603
330.7569
336.79605
335.675
343.292
329.68402
345.31808
333.79698
343.39404
335.45518
331.74706
332.21602
330.32012
330.42789
329.85687
331.95901
335.3169
331.1739
335.44493
364.3949
346.0331
338.95922
331.31099
328.12619
328.4831
329.89502
328.17197
353.18303
331.32386
331.65002
347.92995
335.8109
360.87322
527.82798
507.22003
334.167
349.29299
363.626
340.07597
338.72104
335.07705
327.5969
333.85897
339.35714
333.03905
330.194
329.81396
334.30314
334.63883
330.91402
331.599
328.55701
335.03199
336.38906
338.43899
334.56707
327.91901
327.672
336.32207
336.06195
338.68313
332.03506
334.28597
329.19788
334.023
350.02708
332.09896
333.90498
346.64416
331.82192
329.67997
342.02981
327.68106
333.68492
364.27808
335.02603
382.53903
348.42706
353.5161
329.69904
329.79608
330.652
331.70891
548.2709
