189.80408
189.08
172.85919
172.02115
176.13912
178.98893
224.39814
173.64788
173.23589
169.89017
169.49105
201.03216
171.27299
172.86706
177.38795
261.99603
178.24292
203.67718
172.09482
170.16912
171.78297
182.59907
173.29693
176.03588
171.61703
169.379
175.97914
182.7991
176.30386
229.213
181.20408
179.83198
171.6001
180.44615
191.8509
171.15593
178.26295
174.60394
178.89404
183.43687
204.18596
171.45681
179.70395
177.56104
181.12206
211.1001
170.434
167.86313
170.42398
324.60308
311.85913
170.892
172.05811
176.72014
168.94102
184.11803
178.55382
172.122
172.80507
173.11907
203.66406
173.50793
169.89803
172.11509
173.89703
183.20894
170.73321
174.25513
170.64691
174.76296
173.63381
179.92401
213.81712
184.74579
175.02594
173.63286
175.42982
185.89211
174.87597
2459.26499
9477.11086
164.87002
171.49591
175.02213
193.31312
190.51695
169.10005
171.6702
167.60182
165.01284
167.17505
175.40598
170.74299
177.40798
172.86396
174.79897
173.86198
177.66404
172.41406
327.62623
360.05282
196.29216
177.81997
170.54701
170.77398
172.41001
197.61801
174.155
169.24906
170.00985
170.5389
181.46801
178.69401
170.01009
171.61918
171.39721
173.16198
196.23995
173.3849
175.64392
173.92778
172.08815
171.54598
195.26315
175.59409
168.46204
171.00596
178.24697
173.14696
174.56388
174.46399
172.2331
177.76895
172.86396
173.8379
194.57006
172.25695
174.01099
172.39594
171.63014
176.55587
175.51899
177.77205
178.72286
172.16396
172.86801
181.741
171.20099
174.88384
328.36699
304.11792
179.14295
173.50292
172.64605
171.94915
172.01018
175.9491
176.89586
174.30711
170.50385
174.93701
175.071
186.81002
170.50886
177.16694
174.39699
174.7241
196.5251
172.52302
174.15094
172.08099
172.43314
172.01281
194.01002
173.11215
174.28589
172.53995
177.80495
180.48882
179.24786
171.54813
171.95606
171.43989
171.0639
219.2111
176.26691
171.50092
172.405
171.77916
175.36783
186.91802
172.61505
172.16921
173.76709
171.53001
169.86203
181.66399
177.1791
173.09713
328.3410
