344.40589
353.39808
341.58421
343.6501
371.25182
380.91898
400.76399
479.16889
391.22891
366.1449
333.1089
331.40397
378.13306
345.68715
339.67304
373.68584
426.37396
414.25395
396.25478
396.32201
487.58984
353.03617
362.29014
345.40915
373.14606
366.53304
373.04401
350.29483
357.79595
449.60999
375.65398
335.8438
326.52402
338.92083
340.83796
350.53396
333.08792
346.93098
348.36102
356.81009
340.80696
458.71592
337.55183
375.664
373.56091
441.23888
404.15692
484.33995
404.76799
605.90196
645.25414
415.81106
446.12503
350.78382
344.77997
360.42309
432.10983
331.68006
324.32199
341.2919
369.58003
342.417
362.38289
328.444
325.57893
332.30805
325.79803
335.7029
362.4239
328.66311
420.17984
447.84594
388.08298
411.71312
418.65897
489.24708
457.63993
471.58909
421.28491
427.74487
478.62697
415.75313
432.271
383.7862
381.77109
419.68799
428.27582
401.32904
461.80201
466.25686
418.48302
390.68007
406.26693
402.90594
421.00096
410.55417
390.35487
395.00403
404.56891
651.93892
684.36003
581.54392
502.32792
602.04387
440.89413
343.17589
351.24707
338.49406
326.26796
341.79282
423.53702
448.64488
470.69693
431.427
435.35185
371.19102
365.0322
402.25911
329.97203
398.98419
358.72793
347.84698
382.21192
340.56902
345.21317
335.83212
386.16896
344.25402
324.73183
399.8661
334.19895
335.68001
347.42999
326.07913
323.53592
332.95107
349.5338
343.7202
411.50904
329.05602
370.29099
382.2732
341.20679
326.5388
386.66797
323.81201
464.67209
479.47502
438.9441
586.53498
580.43385
428.267
497.73216
473.47093
570.46008
489.58397
332.51905
326.72501
332.45301
366.36519
327.45099
396.16895
407.78804
332.3009
377.54798
328.1641
730.06392
603.45697
433.74586
342.80396
329.30589
366.00399
328.33004
325.80709
381.30093
328.71079
327.90399
367.16318
326.07317
378.63994
326.94292
331.42805
343.83607
325.77896
340.45315
344.91491
349.82705
403.76496
380.56087
474.56503
524.03283
490.556
502.54703
474.25914
551.85294
534.89017
519.22417
683.8429
426.01109
550.1129
