357.82886
334.31506
337.40306
330.405
329.7801
349.54405
338.05919
376.30916
332.53598
344.8
355.04699
329.68688
338.943
339.40196
418.04004
331.92992
332.80396
347.52512
333.91309
359.2031
422.21808
389.17303
330.17492
348.40679
341.83216
377.52295
345.14189
341.69912
337.18896
329.79584
332.0601
346.15302
343.9579
336.0641
330.91402
333.29797
347.53513
350.54898
338.48405
332.50093
336.19499
382.69901
342.74197
344.92302
346.91215
332.46088
350.75998
338.92608
343.6439
548.99597
492.29693
342.9141
332.20387
350.86799
337.33988
336.78818
336.23505
456.78496
335.56104
344.55085
333.18901
343.92095
356.23384
340.59215
345.88385
354.17414
336.20596
338.29117
358.88696
334.49388
384.95588
333.65393
338.22107
339.885
330.56307
336.42697
367.78498
341.40587
333.74906
443.8169
337.62217
330.91998
341.54987
352.81801
1149.89591
470.51811
1960.32715
1294.11387
1869.4489
596.71307
1865.39793
437.53314
694.52906
530.24793
349.334
343.47892
328.90701
332.20005
338.76109
556.21099
539.536
346.72809
330.09911
369.42601
336.42602
329.78201
359.08413
328.87602
330.42002
359.58719
330.44696
341.26806
343.89019
344.08903
341.23802
334.58614
356.2572
330.95407
329.28205
328.5141
331.08115
344.89608
331.83408
337.51893
331.68292
333.27985
330.72305
335.29115
333.14991
331.20513
333.55999
330.93905
328.87602
366.61911
341.61901
356.79102
380.36108
330.1909
337.42499
334.96809
333.06289
334.96022
350.20494
352.16403
335.75106
335.2809
366.9591
336.13801
330.66988
531.52895
513.83495
330.45006
352.67615
334.78403
330.69205
333.54807
330.32513
328.75705
337.41593
329.8521
335.41083
333.23503
328.58396
333.9479
332.82304
330.01113
334.83815
334.39398
331.5599
329.92697
340.04211
371.76704
331.2211
337.90994
340.17897
330.43885
335.64901
368.28089
357.66506
333.987
333.1821
355.51906
346.51303
347.40782
338.84287
331.88319
340.37781
369.63487
350.31796
341.63904
335.21199
351.01986
332.90982
331.95496
344.29407
445.48702
346.15397
326.95222
334.56397
549.969
