327.19707
325.19293
367.11812
453.67002
332.91411
329.90289
331.92015
327.68798
328.81808
350.79002
345.94393
353.00398
362.30397
356.61507
371.97804
339.68496
393.49699
357.87296
373.81697
344.52796
350.06809
373.00801
327.94309
338.39989
324.32199
327.93713
348.52695
326.33209
326.39408
329.69093
337.33916
336.77483
330.5881
324.22018
324.79596
324.39899
327.08097
330.01685
347.66197
326.50208
331.15983
332.41415
350.54398
326.67994
328.40896
327.58284
325.80304
325.38199
333.73094
512.54606
584.55896
327.93903
453.39489
514.17089
599.65515
353.76596
336.34305
340.95287
327.13318
332.56483
352.79107
382.87401
327.19922
329.05316
410.20679
487.80489
515.90705
506.59394
568.27211
335.30092
344.29884
330.16205
327.60596
340.85298
362.31112
326.38097
332.84712
343.4279
325.85406
328.80282
327.04401
326.859
341.223
387.05611
329.93507
327.12007
352.17905
362.23292
335.63089
324.71299
325.05298
339.679
338.14907
332.69405
325.2039
326.79486
324.93091
328.07398
341.40396
642.20309
516.62493
325.18816
356.30417
345.64805
396.29316
347.7931
326.267
369.58098
326.04194
325.22178
364.89415
325.418
327.79598
352.93889
324.18013
326.581
392.85898
329.56004
327.94118
332.30281
329.28991
324.34201
330.65486
326.10106
329.52094
930.86004
578.77207
411.4151
367.86199
334.5561
363.621
450.79803
416.76688
443.17698
472.25499
393.41497
462.75711
441.96296
473.98806
462.27717
336.50708
326.28703
340.45196
355.99208
353.66321
376.28293
333.62293
378.44896
326.95889
470.70503
513.85283
327.55208
327.528
329.47993
353.84989
325.25587
326.756
339.90407
337.65197
325.50097
338.25517
327.89516
373.18778
507.21192
496.08994
524.44887
342.67592
336.92122
324.81313
327.80504
337.8861
325.71983
324.60713
345.88814
327.90089
343.06383
330.89113
327.94714
386.54184
366.39094
329.57411
350.79885
399.20807
339.95795
331.3241
484.95293
526.39389
598.07515
555.96113
491.40382
466.03298
472.94092
452.14415
403.69606
341.61401
344.17892
359.24697
325.08898
324.88084
479.2981
