168.26391
188.66301
181.59008
170.77804
169.44003
170.99094
215.37089
169.35396
207.75199
168.88404
174.26896
169.137
167.67406
166.13793
168.50901
171.25297
169.41905
168.15495
167.73009
167.48595
172.27101
171.13185
170.66908
167.88697
174.27611
191.99896
169.60192
173.02394
174.55602
191.95294
171.40913
168.37215
172.544
170.00484
165.81202
166.58306
167.63401
205.24192
166.95499
175.00997
167.13905
169.29507
166.44096
169.05499
169.39592
174.38602
173.43187
170.49098
204.37002
339.0379
298.68984
169.55113
224.48015
185.48799
169.90399
171.03815
170.52913
167.82784
195.508
183.15911
177.61183
167.768
194.14997
181.88405
167.38081
725.41809
533.64897
734.30419
480.24297
315.75513
517.39097
183.40802
410.19607
476.45187
272.25804
226.48501
186.86104
167.49883
242.15198
184.0179
187.42704
169.04902
169.84296
170.27593
176.476
174.052
181.65398
168.00094
167.01889
185.04214
175.86184
172.16492
195.85609
176.39399
226.51005
173.26307
169.50083
180.04084
174.97802
283.49185
284.55305
168.54501
184.22794
168.54811
192.312
195.94598
170.42708
182.87516
178.85494
169.01517
181.67305
645.4401
173.89202
179.94308
165.75503
171.57602
215.08002
167.77396
167.2709
170.398
166.53109
165.9019
171.69905
174.96109
168.21194
170.83192
167.98401
217.78297
169.01517
171.49878
166.01896
168.18118
169.36803
170.29715
167.84596
165.5941
167.76896
169.76595
166.38899
177.76299
167.76299
167.40513
196.98095
175.04215
174.37601
178.88188
170.25805
170.79592
167.01102
318.151
307.0941
169.89899
182.27696
169.14296
167.732
191.25795
167.35315
168.926
175.6289
170.78614
186.50389
171.24701
169.0309
187.15191
184.87906
167.85002
170.68696
173.99907
182.35898
171.06915
173.65813
168.57505
204.53906
170.80283
169.83509
175.07696
171.139
193.12
169.65008
169.51585
191.99419
172.27197
171.19193
188.95102
168.35117
172.52398
172.68014
177.54698
171.7
184.55195
174.45302
171.17405
173.50197
167.66405
215.22212
167.02294
169.66105
185.73904
167.02914
318.3548
