651.13997
657.73296
686.07998
697.81613
606.23693
697.16191
654.46091
689.34202
720.27683
766.36314
787.30416
680.15409
656.26097
640.04588
619.61508
612.02097
633.40902
708.38094
705.31702
686.11312
709.21612
639.63103
710.88815
680.3081
861.35483
629.28796
655.6282
614.48097
661.62801
632.49993
606.5309
693.01105
739.72988
641.94393
634.92107
671.34213
654.78301
593.02592
665.34209
544.33298
645.74814
547.04809
524.189
511.06596
614.54606
663.01203
577.64792
564.08
918.72096
625.56791
819.71383
656.01707
631.20985
592.44084
617.27285
658.34093
666.65912
646.86799
698.33112
724.21622
676.64099
692.15298
728.86014
689.67009
742.18202
746.25707
687.26802
698.14491
693.66121
696.62786
746.21797
757.20716
709.31315
735.83293
769.95015
782.77898
850.16394
829.16212
765.69319
794.02709
655.3371
714.37311
784.4131
776.32594
816.01787
806.89883
799.28493
809.07512
757.56812
4090.55686
1125.37289
571.24782
579.19097
532.0611
605.87001
500.27299
589.13589
677.25706
645.62488
676.21803
832.39603
569.69094
577.425
577.79193
701.823
507.45702
578.78709
580.40595
553.10607
554.27694
566.83779
524.37901
514.00399
522.39513
513.36098
491.09888
568.82405
594.25712
536.18693
497.38193
493.433
397.46618
418.40792
594.69008
400.37298
403.87702
401.04008
415.73191
399.055
401.0272
398.09108
403.03802
412.37092
406.68416
417.71412
404.89006
399.54185
415.37404
406.286
406.27193
388.61799
393.30316
405.7281
395.45894
394.44208
402.89998
390.95592
418.95103
535.23302
540.03
564.21995
402.72999
391.30712
2174.02387
853.25384
483.27994
408.34689
410.18701
439.1098
457.89385
468.97101
482.78809
500.78607
444.75102
420.08305
479.86388
477.37789
509.70197
518.20588
551.69511
610.35514
612.06198
625.16618
631.93393
648.78201
643.75401
636.15704
686.11693
664.33001
833.17995
694.45801
704.26106
690.82904
643.13602
615.87691
645.11418
686.11693
683.87508
669.8699
688.62486
618.88599
649.08099
640.14983
643.8899
705.85799
617.63215
676.62907
674.47495
711.483
687.91008
390.74302
399.10388
388.27801
418.13612
391.90006
411.36503
389.5309
388.70907
410.57491
388.34906
409.1959
412.1058
415.84277
392.59481
394.50097
397.40896
393.13602
396.16108
405.12204
388.5181
383.18396
391.03889
420.06803
390.93399
387.77089
393.52918
388.78894
395.27202
404.74916
392.03405
386.13605
390.62715
384.80687
387.49695
395.53905
400.80404
393.62788
387.12978
389.1089
384.12118
384.31692
391.94083
388.88001
396.39997
388.95297
394.37318
387.3899
402.25101
387.76684
530.3309
552.8059
383.63814
386.68203
391.22415
399.29199
408.76198
392.694
391.02721
394.22202
395.77603
382.53808
383.34298
386.03091
387.01677
386.18803
384.69005
387.39896
386.02901
385.21409
385.05292
433.61783
383.45218
383.32391
385.41698
396.20709
392.60411
384.53507
386.87205
387.69794
390.63287
387.30502
385.36191
389.781
385.28013
387.16102
391.07013
393.98193
389.98795
399.92785
393.78381
394.50502
385.25105
383.94403
388.10706
384.63497
387.54201
387.7151
395.20407
385.67901
517.61198
576.34902
405.55692
426.21899
395.25795
396.28386
395.99895
389.91117
404.29115
388.25512
389.64796
392.74406
385.21314
388.49211
394.49811
418.55383
396.85798
382.69305
388.63301
393.02301
386.88493
395.77389
398.04006
398.13304
388.27896
399.87016
396.01898
386.9319
401.10898
390.27619
384.66287
406.28695
393.86511
387.45499
406.72493
412.26006
429.99196
387.04491
389.77504
384.4769
389.292
392.91906
389.51898
383.76117
391.41107
419.49701
391.17002
390.02609
385.391
391.644
525.30503
563.46798
385.87809
388.51094
394.61684
393.2929
394.50407
388.96012
391.86287
402.64297
385.80704
386.43408
402.98295
388.51118
387.362
392.68589
398.50307
392.78102
408.75006
408.39791
387.28309
399.12295
400.01202
391.927
414.77299
385.24818
415.28392
406.52704
390.85197
405.00093
385.43701
391.5441
387.49504
383.17418
396.60287
393.29505
396.65794
394.52195
399.86205
395.66803
404.51002
420.89009
398.15712
391.02697
388.37218
394.53292
390.63001
400.15793
384.64594
382.3812
519.03391
814.49318
753.40796
818.03298
928.24507
826.80702
797.5111
784.89113
836.92098
781.03495
762.15696
860.79597
790.32183
682.59597
724.87092
688.69495
778.26095
685.01806
704.73099
659.84416
632.99894
638.29994
671.75698
663.46216
695.46199
645.02501
769.66691
664.11018
638.76605
710.09207
686.51199
598.75894
669.98005
679.97479
629.64392
670.23301
649.91808
677.0761
759.202
812.93297
706.80094
757.59912
775.77209
825.70481
791.89086
770.85495
737.74695
712.02993
833.45985
849.06507
707.53193
922.04785
650.702
637.89392
663.75399
676.60999
719.96903
750.22697
752.40111
817.90686
817.03115
870.77594
792.40084
815.89007
766.31999
765.71488
862.12897
757.40409
794.29507
794.43502
820.55092
844.62595
751.44219
867.61189
803.42698
828.7971
905.21908
793.02502
747.83111
845.41106
873.97099
902.31895
856.71711
786.18884
876.42503
777.50921
755.55706
730.42798
794.90113
761.08599
817.415
779.05321
769.68408
703.3391
729.45309
800.67301
828.88198
805.197
820.24097
802.95992
738.99508
1050.75502
1245.9209
969.62619
994.08793
955.00088
924.67308
829.19192
844.51604
819.25488
817.42501
858.02007
765.43784
823.61197
805.96519
902.37999
756.94418
805.51291
799.63303
769.59682
825.89912
771.0712
726.95994
741.96887
723.61898
713.55677
719.71703
748.61503
681.91218
698.48084
657.3751
731.48179
723.33002
727.83995
699.10216
643.37182
742.83004
723.83904
775.177
678.88093
747.7231
750.55218
829.7689
728.07193
718.10389
740.07702
724.47205
632.23195
750.56911
811.445
700.27208
923.41208
776.8259
790.68899
818.63713
751.83296
842.38696
793.79201
852.98586
830.96218
710.91819
684.89194
699.57781
644.01984
723.46616
653.85699
668.63799
579.54693
631.14595
636.61814
635.86807
622.41793
695.23311
684.29089
649.71209
650.93207
582.20005
625.02098
680.12094
640.73014
656.29101
588.29212
641.51502
674.227
704.22101
614.27999
610.36181
669.74998
637.04491
617.75589
697.97492
608.253
673.44904
649.42694
656.76093
582.43895
693.39705
674.09992
676.18799
739.74991
760.84304
