980.92103
931.73099
913.80382
1323.85111
1099.21503
975.95787
1010.84399
1009.87101
947.83497
928.05886
971.57001
968.71901
951.45583
1001.66893
901.757
904.81901
976.1169
840.75093
900.75088
1080.23691
939.59594
964.32495
922.34516
912.49609
946.55514
1018.03303
1139.25695
1077.09312
1038.73205
1084.3699
987.80799
1023.65804
1033.26797
917.59396
936.61785
958.1759
943.60399
1035.01201
955.00898
1008.2469
973.19889
981.98891
1067.52706
1045.03512
986.80687
1132.4029
1139.55188
1083.29296
965.554
960.0389
1418.8869
1211.74502
1240.19408
1272.79997
1261.73687
1132.26008
1197.41702
1212.83507
1273.28992
1181.82898
1153.02992
1101.66216
1034.56688
910.35104
1032.58514
1003.60298
1044.415
994.21787
1108.09994
1033.5691
1101.71413
1031.07882
1001.31989
1043.23792
1071.65504
1147.089
1118.37792
1086.13491
1097.87512
926.47099
880.9588
880.66602
893.48698
923.58804
813.31706
783.90193
785.06899
777.57597
800.27604
802.03509
767.58885
865.23795
743.26921
815.60278
814.63099
831.17104
848.01102
989.44306
976.85194
933.038
1207.48401
1014.05191
1112.22506
1139.22
1088.43708
1249.13907
1036.89909
935.86612
1057.03402
956.23899
934.26895
931.72383
995.18013
978.70302
987.73599
906.5659
909.863
999.77183
1020.95819
1079.62894
926.53584
945.66011
1026.43085
1081.75802
993.90697
1003.07107
999.56799
1005.90515
1017.04788
1039.17098
1141.25609
1108.67786
1094.37299
1097.67389
1067.86299
974.11108
1002.65694
928.18999
1007.20406
941.60295
915.04598
1031.34489
946.00916
936.71203
919.04497
961.18188
872.21909
867.82789
961.97891
930.08804
1265.05589
1166.69703
1066.52117
932.06692
912.86397
977.65303
1048.70391
987.83207
1006.11091
932.02996
955.96695
1001.0488
862.54811
977.99993
828.49097
1011.2462
1006.00386
919.23308
965.02304
968.96601
1019.10186
1125.88596
1271.54517
1235.94093
1094.86604
1110.09502
1041.16702
1057.67512
1165.70687
1128.36909
1017.89403
1036.05986
1071.81096
1094.38205
1113.18398
1184.8321
1148.08702
1078.93991
1103.96004
1188.07888
1034.16085
1067.51704
1236.43398
1148.95701
1101.89795
1017.65704
982.18107
1082.78799
1042.41586
1013.25607
