1019.01793
1030.90501
915.71403
1012.08019
999.32885
1023.97895
1134.26208
1097.48912
1124.13383
1135.07295
1059.63707
1018.01991
1027.43196
959.12099
940.92393
1094.36297
1013.45706
1099.65396
1171.20814
1158.42819
996.82808
1116.49203
1056.47492
997.39385
924.72196
977.96106
1029.06704
946.45905
901.42798
974.30801
886.75022
823.78221
782.3379
649.14489
788.61403
614.91895
682.88112
698.70591
615.40103
678.73693
741.54496
679.67892
665.07697
655.82681
648.44704
729.05397
707.4759
668.38288
754.67515
743.08991
983.88696
699.543
690.74202
749.67194
711.96294
630.41091
678.22695
640.03396
601.50099
650.77901
670.3589
602.76794
585.41298
589.52498
642.78698
726.87292
658.04315
682.796
644.51504
712.27717
712.31198
681.01501
706.27093
661.02409
657.01079
744.05313
721.08793
760.83803
745.96405
795.23897
784.47294
907.95898
917.01102
886.3492
777.43816
780.03097
813.17186
766.34192
772.28904
928.23386
846.64798
837.02707
941.10394
903.69391
810.31108
849.50495
841.043
836.36808
859.622
785.80117
1019.56511
849.14207
912.77504
744.92002
665.96508
713.88793
832.91793
695.59598
716.83598
704.69785
711.22313
695.74022
752.06399
666.27407
696.50888
684.02815
746.00482
718.36114
809.41391
852.82993
744.72094
789.80112
785.93087
820.04189
770.08319
815.76514
768.4319
739.58015
797.03617
828.14217
794.29293
827.44694
803.08199
762.08687
756.77013
811.80286
688.31992
771.07215
757.80988
796.19598
783.15997
774.43886
742.769
738.17992
789.66308
831.80404
852.07796
739.09688
830.16205
796.18907
1000.37503
914.38198
908.8521
873.05999
899.92094
832.92699
897.64786
813.26008
857.88202
823.41719
831.78806
835.86097
782.06801
788.92994
888.43489
821.9521
891.7048
804.71802
850.89707
818.71581
803.88594
794.53897
851.13406
819.01288
794.94596
835.54912
744.31586
794.27409
777.47607
721.07911
731.08292
833.57096
982.03206
926.73111
1016.78014
782.26304
919.2431
753.99899
809.01885
811.2812
832.1321
836.78293
864.63714
945.70494
853.40285
853.90711
832.04007
974.43604
811.37609
754.38499
698.77291
757.7641
645.02907
742.32507
735.54516
693.50386
808.23898
714.46991
616.17613
628.24798
639.79506
603.90997
602.46205
600.96407
658.34594
571.04802
565.15408
642.86995
622.93196
649.91307
664.1891
630.96189
647.39895
799.36886
649.14083
719.841
712.68511
658.20098
716.28499
753.05891
686.50508
743.08085
832.32617
712.0378
722.01085
694.29922
657.40013
702.17609
661.412
658.849
686.13696
673.52891
684.42106
863.87086
649.92404
645.63489
600.37899
605.80587
624.10307
652.2429
850.03901
674.68095
725.99697
632.08914
685.24504
625.10204
648.62299
649.87803
757.55
758.8439
623.51489
697.83211
738.74116
854.1038
657.36318
735.08716
779.81687
820.05906
748.35396
825.62399
789.04295
731.43792
783.96106
805.67098
815.96684
827.43907
861.43994
772.28189
882.50995
892.74597
786.79609
762.83598
830.63793
780.32184
704.14615
754.34494
730.63898
643.98599
717.71479
705.17898
787.1139
673.48409
746.93298
719.75803
750.93794
744.81797
688.99107
672.96314
684.48806
653.04399
869.93504
680.44281
724.80392
632.27606
738.5509
708.86707
652.62604
671.04197
744.941
698.34185
678.30896
745.82314
751.32298
769.16599
693.6512
773.70286
705.17302
673.19107
668.33782
771.9202
701.83897
683.46
697.10493
710.7408
747.94817
725.86799
703.8312
728.83701
1142.96699
776.14784
815.42802
783.57697
872.40195
893.01205
891.96491
830.67608
874.23086
891.01601
813.15112
840.74402
855.90315
819.00096
735.23307
789.65807
763.95512
810.00495
737.64896
804.26288
800.05193
784.01709
949.23687
871.46902
812.95586
818.42113
839.39409
834.25593
834.63597
846.91405
916.74089
931.83398
864.9931
901.3629
894.75298
1148.47493
1147.24994
1430.71795
982.27215
881.881
951.98107
877.20299
807.81388
719.31005
725.95596
767.08698
699.73588
685.46391
722.56899
631.64616
700.50001
853.19495
846.68112
763.52096
715.62886
778.66197
698.15993
634.18412
713.92989
772.07613
692.89279
724.30015
698.66991
665.08889
755.00989
854.30598
852.86307
874.403
953.09114
1017.82894
857.45502
838.33003
782.23801
705.06001
790.04407
786.65996
791.04805
862.28085
849.85805
853.69396
849.28989
772.99309
763.41486
824.49102
822.84999
798.44189
709.57899
763.22508
794.01517
767.34209
688.40098
721.40789
775.56705
820.27292
780.53212
800.69304
903.48411
919.09814
832.27515
860.00395
921.29707
956.37798
992.23614
953.21798
1066.88213
925.7369
1084.40304
1094.23804
1132.45106
1175.98796
1084.83815
1084.02991
1011.31701
981.77814
978.73187
962.81886
997.16902
1021.18897
1070.27316
1114.61902
1094.87796
1090.23213
1165.45892
1006.212
993.41202
1021.79718
913.38015
1074.63813
995.82005
917.34982
1077.49605
1000.844
1003.23892
1031.92306
987.98704
1073.01497
1309.12495
1178.03383
1163.87105
1186.234
1136.60002
1098.68193
1097.48197
1056.22315
1078.31001
1173.033
993.55006
1205.05285
1225.11411
1200.11282
1152.15182
1032.70102
1152.85611
1070.74881
1231.03714
1171.80395
1160.38108
1086.96818
1111.23991
1132.01404
1469.6939
1093.3578
1019.16409
870.85009
933.27403
1020.2539
1107.57113
960.90889
1130.21207
1029.17194
1039.32405
1275.33984
1620.14198
2923.85602
3470.66307
3513.14998
3097.26095
1953.74393
962.816
960.08182
1093.63413
1055.17292
1014.15205
1050.53687
1099.02692
1184.76605
1192.96503
1107.43594
1069.28992
1032.60899
1251.20687
1103.34802
1041.98503
912.26506
975.21091
898.36192
875.46706
815.9039
896.88993
671.7329
730.96108
629.22382
605.08394
709.88202
705.55902
685.69708
692.63887
697.46614
748.59118
852.15402
754.69303
869.88807
781.991
857.05805
842.51595
786.66902
870.38589
816.53595
967.08393
920.33601
808.08306
944.42201
1066.81514
857.4872
868.27898
896.631
898.33617
844.414
734.91406
733.8419
800.97008
748.05188
907.71914
817.92521
900.47693
809.05199
839.51688
759.80806
802.3262
819.01479
773.664
860.39305
788.95712
957.94702
957.10206
852.82707
879.39787
772.83716
758.54492
817.02495
839.78295
811.15007
771.92593
818.1529
848.93394
761.92093
726.20106
715.18302
801.8589
762.923
669.74902
768.17203
718.03713
726.42994
718.2169
757.57003
787.0419
798.78902
1002.06399
924.37291
964.69998
881.66904
