581.39896
590.28387
625.76008
934.98492
634.37605
664.75797
633.25691
687.73794
655.36499
754.57811
751.45698
786.64398
672.38498
795.0561
734.19189
677.61111
713.73296
654.01697
723.18602
781.07595
686.72514
657.36198
699.23902
662.35781
664.47401
729.51603
671.90695
679.66795
610.74996
657.92012
675.81987
692.81197
646.10386
722.1818
712.14199
656.58808
638.39889
664.59298
687.61706
668.24198
686.56397
664.63614
659.44505
1018.36419
718.59479
683.12716
689.71801
665.74407
657.75013
721.8461
837.65197
601.87411
623.17801
685.20904
718.13107
737.92005
920.86887
822.1941
904.23012
957.1979
971.0269
994.72499
932.08599
863.88206
914.86311
1002.56181
1345.72911
957.92007
976.22395
773.57292
801.17393
761.56402
650.34103
666.53395
756.181
784.91902
786.43179
793.07103
839.02192
775.02203
826.3061
802.39987
822.3269
761.68704
735.78811
782.71484
814.50009
759.87005
752.65217
835.68597
822.99304
774.055
802.70004
747.1602
708.40502
805.49908
830.41811
818.27998
800.96698
787.08005
1000.72503
862.06794
889.5669
828.71509
765.29884
785.30097
1118.95299
875.90694
993.79897
854.002
902.77505
957.793
891.97206
853.08909
867.08403
1013.659
1103.89805
932.58786
913.99598
883.44407
964.88309
919.59786
1029.27613
1158.21791
1105.5069
1060.38713
1054.77285
1081.35104
997.24698
1156.34298
1090.86609
1092.40985
946.29502
879.36711
791.327
813.25889
735.73494
721.69518
650.23184
700.99115
719.22302
746.29807
774.70207
738.07001
746.07491
746.3541
685.22191
693.03584
729.17819
733.47902
937.07204
817.15584
864.24899
844.00892
876.58811
917.26995
886.84988
843.17017
864.24422
809.55696
714.95819
698.76003
680.97496
787.06098
796.27204
690.87195
698.83204
714.34093
679.74806
637.2509
674.00813
685.74095
636.99698
660.357
626.70016
623.384
637.38608
629.00496
610.13603
629.843
626.06502
611.05013
631.1419
704.47898
692.63721
593.38903
635.59508
595.02506
648.67997
576.65992
597.13697
641.1469
619.85517
620.19587
660.24113
656.99792
547.683
598.24681
584.11813
639.65297
771.95311
700.19913
681.76508
698.46201
694.60511
698.98415
759.59802
843.85896
757.00402
880.68509
795.81714
802.37007
876.66106
747.06602
809.15189
755.33295
847.49985
827.79098
818.41898
827.36802
726.1939
753.31402
736.97901
694.23103
780.53689
813.58194
727.93603
653.08189
723.38319
877.74491
839.62512
780.07507
709.96499
759.80496
849.75314
794.68489
763.42702
830.04498
849.25413
826.64299
745.08095
795.17484
880.75686
901.34788
842.75913
892.88116
802.1729
812.77108
801.80907
755.67293
914.25395
923.34008
791.3909
800.9398
824.4679
764.26601
751.31202
837.52012
835.12402
846.92001
814.19206
822.60013
997.28894
943.42208
872.36881
868.65592
899.42193
926.33986
952.32916
862.86497
915.36784
948.85516
937.96992
947.44706
910.11095
1021.93594
998.81601
974.44582
801.42021
792.13905
791.55493
776.46017
694.97895
723.10615
680.53508
754.72307
718.45198
683.52699
652.96888
637.38489
680.73201
649.76001
687.6111
647.01796
556.93603
650.37179
601.13001
629.76909
548.45691
614.33983
945.52398
650.02799
598.47808
665.2689
668.39194
606.78005
634.49788
590.40284
573.45414
593.91189
645.36905
579.18811
596.50397
602.80895
911.37099
559.1259
626.78599
560.31013
547.86897
565.12594
609.864
575.35386
516.66713
579.5691
570.18304
598.98806
526.38197
553.78604
566.43295
551.67699
573.79794
594.65504
599.14303
604.19488
579.12302
586.18808
608.2902
657.50098
552.77181
630.4481
682.7178
670.87197
651.99113
623.02089
613.40094
731.85301
632.10082
639.40406
702.44193
616.74094
818.71295
641.61086
679.58999
689.54182
656.48198
720.70813
671.82112
649.50991
680.63998
641.72006
665.23385
656.77595
647.27592
637.12287
707.09705
696.09213
610.61811
581.05803
659.24907
736.06801
683.6319
699.24402
635.97798
682.4429
757.47514
663.42092
680.60923
631.08993
651.25704
606.30608
701.68209
668.02096
649.65892
779.90198
721.37403
770.40601
671.75388
667.98401
668.9899
656.36706
609.52711
577.425
626.11008
615.01694
633.16584
650.02418
677.70195
766.06417
674.0191
715.25788
