914.433
2415.59601
642.8318
665.46106
650.51508
660.26402
637.22301
631.48904
705.77097
640.50817
612.99515
642.42482
651.34192
616.16397
643.89491
664.08205
647.88198
645.78605
634.87506
586.27796
715.312
679.49796
831.91609
818.55607
668.13612
666.83912
729.80285
764.84203
759.7909
652.9851
761.46889
690.37795
764.51421
683.24995
683.09903
751.45698
649.23692
726.48787
609.11608
645.52498
646.28911
662.34016
652.75288
654.9778
596.93694
724.0572
687.52599
632.35188
599.27082
716.07995
819.94605
645.96486
599.42293
698.72403
670.63904
681.33211
725.10219
673.36512
653.4791
651.16191
703.161
710.1841
655.34401
619.88997
639.92786
625.32496
591.05492
687.63995
735.17704
794.02804
663.11598
739.59112
863.868
930.46784
840.22093
869.37904
928.88999
856.63509
828.4471
967.3171
994.96412
927.05083
913.96499
958.61816
889.7419
869.14897
942.20996
845.26396
802.15597
809.92103
855.85189
909.74998
905.12991
747.93816
773.8049
766.05892
821.66696
818.27402
740.08393
747.73216
986.17482
716.30216
706.37798
758.66199
702.99411
668.20598
567.48009
618.62588
658.24509
625.28086
650.26116
707.8228
573.58003
593.51707
635.00786
631.53005
663.70296
604.97189
505.00512
569.23294
624.91798
557.49607
563.33399
525.53296
633.93497
600.78311
565.15503
531.46696
603.62792
590.85584
515.53607
547.30892
544.65795
494.14897
562.53505
525.93398
559.56793
555.41492
508.85892
498.18611
502.12598
530.29394
469.87391
544.56902
511.11889
462.28504
465.38305
460.78897
516.65998
577.04782
690.75608
563.03787
540.57598
660.24494
695.74213
658.46205
696.90418
604.87008
640.53297
677.71196
686.76496
673.33508
592.69881
608.42299
616.36806
614.65192
601.41397
636.62505
600.74496
689.81099
641.35408
641.61682
637.93802
581.96807
585.55412
645.86592
720.69907
743.12997
694.36193
702.10695
740.99994
757.26104
714.08105
701.06792
767.349
643.13483
637.61616
686.14101
691.962
696.97881
779.57797
700.93799
705.30319
765.35201
727.37908
669.83795
776.57485
715.85011
691.47086
743.78204
941.93697
1038.14697
968.21809
1166.84508
1002.17009
1028.41496
994.26889
922.24979
851.25399
766.43205
893.65911
899.70708
893.63384
889.328
931.48398
832.37505
978.95098
840.26289
720.119
1048.75302
832.26585
819.93699
752.18105
803.86305
825.19889
860.25
958.82893
958.01687
845.31093
864.33315
918.79892
855.00288
1116.97793
867.38491
836.519
715.62505
720.19601
836.53188
681.11396
703.88007
636.45506
672.822
638.01694
628.20983
648.13614
638.85093
714.58888
711.64608
636.23285
695.70804
985.11004
799.26682
1018.8241
751.42908
783.04601
798.44117
821.65217
775.08116
780.76601
726.2249
691.1211
787.80913
778.32389
1009.26495
1011.45101
833.27103
785.82716
718.4689
834.1229
748.82317
884.68695
847.55492
925.25196
777.9119
963.49287
903.98717
914.43586
1013.71408
852.14686
1002.91109
1032.41587
950.69695
859.79819
1037.16111
989.68387
835.76894
963.68599
856.2429
893.53204
786.16405
871.12713
832.55506
894.21201
803.77507
741.82892
782.97687
838.12618
816.30301
755.22494
838.88721
993.66188
715.21997
640.62691
702.34299
663.00511
771.83485
731.08482
776.67308
817.64388
789.82496
850.80504
816.26201
746.665
822.79086
826.43604
870.26095
982.20301
1016.43395
858.33097
834.28812
1066.05601
916.20803
908.69808
951.22409
983.17003
976.73893
1111.82094
1231.7121
917.9461
1039.84189
902.30584
830.34587
1007.30109
977.06604
966.35008
919.27004
923.47503
905.75409
952.564
831.52604
694.839
685.61602
744.23313
716.94088
703.96304
740.86285
896.62313
706.79092
868.65807
977.30112
1028.82099
871.8679
764.93692
781.67486
989.08901
855.685
917.11497
1045.80402
1021.42692
886.44505
901.56293
1075.46496
843.52207
924.39294
826.80202
978.95193
1009.65095
979.11096
941.19406
925.25792
833.46891
836.17306
832.30495
827.22712
799.3381
838.11593
1008.86202
926.94592
978.05405
937.72888
690.57512
647.92109
736.22012
660.93278
694.91506
754.80604
725.46887
750.20003
908.66995
714.66398
764.539
707.57008
726.10903
1017.7989
930.97806
875.103
789.71505
800.64893
941.87593
828.47285
816.44201
860.6391
854.15006
1021.64221
872.84803
877.26808
953.9659
810.17184
840.38305
867.72799
780.81393
798.44499
742.66195
869.61293
972.87202
795.40706
775.07401
854.141
838.50002
866.66584
845.57796
916.852
964.31994
960.33216
926.98407
844.70201
845.8879
992.03396
1117.24496
792.01698
839.79106
848.68407
793.52093
832.11112
822.15095
844.26904
758.58307
798.66409
844.04683
854.22993
833.14586
787.91809
862.88595
829.65398
871.61207
922.49799
883.00395
1074.754
909.46102
872.89214
1051.162
911.61013
858.31594
754.60505
711.24291
730.18909
674.86191
628.25799
650.10285
680.36699
659.29008
840.0321
822.51406
749.56799
805.88484
896.12699
881.86097
822.32285
730.58009
788.37609
744.61913
742.939
774.50705
895.79701
864.21514
861.64808
795.93801
913.37204
992.92207
936.97309
818.90798
789.52003
739.33911
788.64908
799.80397
732.06186
803.19405
829.39696
796.78082
1013.80897
741.20903
1008.16512
817.63196
784.20401
771.93308
754.4589
784.554
822.65902
786.17001
893.5411
1086.20811
958.58788
1068.51006
1052.54602
977.53501
992.18297
975.95096
974.91312
1009.94706
807.28292
793.94507
859.4842
860.88586
884.99808
1044.40808
981.9479
978.79887
982.4369
1045.30287
1081.99215
996.67406
1078.64404
1028.07593
976.15194
1032.6848
951.07698
1028.58996
921.22006
940.3491
897.686
843.3919
816.87903
828.91488
828.15814
711.31396
731.493
714.9291
794.15083
749.08209
844.51795
786.36193
724.70307
781.3971
825.27709
865.88097
853.78218
889.081
896.01398
949.82505
998.19493
1076.88808
1004.81415
911.34
808.81214
799.6192
952.59595
922.69802
844.55013
877.47002
1026.08585
932.68085
708.36496
702.19707
704.72407
833.58002
909.50704
771.73114
846.90595
931.10895
834.75995
897.88008
882.03621
794.1041
863.18493
876.48201
1066.49685
957.92389
956.83694
1048.43521
1051.50795
1028.1601
1063.52592
1019.04488
1252.91896
1031.41189
1125.11802
1022.28403
1077.13604
1063.26723
1040.25507
985.33916
1119.73
1038.47718
1044.36517
1061.82909
1035.24399
997.95008
1100.26097
887.47001
1042.46402
798.12098
675.71306
818.01081
801.91612
849.29204
828.41611
791.15987
862.38694
898.99516
850.137
836.01594
914.86096
802.02198
1011.05213
934.865
772.95184
848.27709
852.86498
963.68885
814.41903
810.75382
829.19812
788.661
808.30503
845.51787
757.54905
840.77787
792.56797
784.05094
750.29302
993.70217
797.52588
847.42808
953.197
836.65991
914.13307
872.97201
925.46582
818.04299
838.36198
853.16205
834.89203
798.58303
822.90196
802.42705
795.17388
838.99212
911.11016
891.39509
894.449
1093.014
927.11997
896.84296
816.154
1120.50104
1108.94394
947.7911
840.52396
949.36419
829.53882
799.63183
960.09517
883.86798
1009.67193
1073.35711
937.62684
912.98413
898.18001
1039.25586
1069.49115
867.14292
954.18811
1003.40486
961.57098
1135.59508
1001.21593
865.15594
1036.90004
858.88886
825.6371
967.82613
927.4888
895.83015
1006.98185
737.92195
862.03909
863.48104
788.81407
739.68005
788.93805
665.24506
863.38997
757.195
880.27191
769.30189
772.06516
827.99006
735.22496
758.47292
839.32495
1016.60705
977.57792
975.68703
999.06993
846.16303
799.78299
759.17888
814.52489
683.09093
677.48404
755.46908
1009.92417
762.33602
910.33292
727.88
728.92499
755.56183
711.21311
728.96481
781.05807
793.30993
796.19002
827.28601
848.01507
807.01208
783.84113
824.28503
851.33481
884.56011
827.65698
1024.68085
1056.55098
983.13403
996.68312
998.15583
927.39797
862.01406
845.04199
1053.4761
1105.84784
789.96301
853.25813
861.8772
822.79396
773.42796
689.60905
680.86314
747.58911
732.17106
847.15509
941.72692
786.14688
715.1401
701.56693
784.68704
750.60081
703.59707
704.31995
768.9538
699.96715
713.73701
709.33294
699.72706
854.02918
683.34007
684.37696
635.13303
635.14686
709.60593
615.75317
642.7052
666.92901
660.61401
683.95901
646.47293
653.12099
601.69482
681.00905
714.84709
720.4442
671.00406
669.73615
607.03301
644.01793
700.37913
714.45012
759.23586
712.7831
742.342
788.7938
758.36396
777.74405
879.19497
681.45895
758.55017
745.80503
790.61103
976.9249
762.68506
819.67688
