668.73312
539.16311
591.41302
564.30411
575.14191
537.46581
569.03315
552.07396
612.62798
630.15008
567.384
579.23412
522.56393
505.81908
530.24387
528.04804
526.05414
548.56181
530.08103
555.80497
525.0721
564.91113
488.24096
537.32896
497.49303
481.93002
464.49113
504.69613
443.75587
515.57207
530.75385
530.28822
502.72703
536.52501
503.49402
548.68507
529.19507
583.37593
567.81411
563.96317
628.99899
611.78303
607.39207
626.77693
582.06391
522.81809
539.49308
541.74995
524.8549
500.08917
567.78693
506.96301
501.08194
538.94401
565.03892
568.31408
559.40986
618.53194
589.01501
632.38406
534.554
548.08903
396.92903
483.51979
560.13012
573.29702
530.26009
569.54885
629.33183
690.98401
582.16214
534.17301
563.68494
539.04796
628.05605
591.51697
637.90798
784.90305
630.54419
663.20109
636.4069
587.82697
632.14302
676.03898
734.27892
788.91993
815.78302
830.91712
868.60895
811.30385
766.2971
680.97305
665.48777
640.89012
661.15785
729.69413
663.49792
634.14288
651.7241
611.65214
780.195
1058.38203
1154.23417
1266.65592
1153.72586
984.61819
901.34096
986.32002
986.69004
1068.40301
1144.59586
1077.50392
1170.34721
1068.2528
871.89817
707.69382
611.79209
598.74892
471.85183
509.25303
459.49101
459.85293
538.95402
584.51605
505.33986
568.40801
573.43102
558.31885
636.75308
501.70088
492.71512
516.57891
498.60692
451.62201
475.70395
466.23111
438.3862
468.67013
426.33319
526.56007
458.76002
485.10385
535.55489
593.06002
546.01789
511.26099
562.41393
553.81203
828.29905
577.0371
587.66699
569.63897
586.84802
661.18884
590.09099
602.15807
584.56993
536.87
538.44905
510.98895
614.62688
618.25895
655.8919
630.42402
607.35488
600.05403
626.41001
694.72384
601.62401
633.64816
563.627
664.45899
609.51209
600.29602
459.35988
579.88906
547.59407
591.51316
633.65889
578.16291
649.87302
619.87901
687.11782
567.204
534.43694
461.99799
559.63206
561.07187
442.487
527.97508
489.81595
471.85683
476.08805
484.15089
512.92801
520.48397
667.25302
557.67083
510.08391
575.35505
546.206
570.54901
536.82208
548.27189
520.32804
559.56697
569.58508
597.61286
594.71512
574.16296
559.41892
472.97001
513.83519
412.51922
416.05186
585.59608
723.46091
582.17692
638.81087
602.22507
602.03791
693.75801
587.42881
657.6972
733.25205
719.46502
612.52284
618.26706
636.65891
782.52506
721.72213
770.69283
798.64979
873.12102
896.78192
845.00504
782.552
724.56098
711.72786
691.25819
661.09896
644.03391
623.245
717.33093
567.71708
725.68893
629.4589
642.94791
709.69701
572.12996
745.65101
678.55811
679.38781
630.52797
626.37305
626.29294
631.78587
629.24194
625.53
583.40907
565.07301
732.18584
630.24116
675.349
661.08418
632.20191
649.80102
702.57998
579.16021
746.1412
645.47896
595.49999
750.98014
562.15596
566.79702
576.19405
723.19603
729.8491
583.534
682.45411
652.68993
675.48084
825.99807
674.613
676.00799
709.12504
661.98301
747.43891
613.01589
642.55905
658.49805
654.75583
562.02316
761.39903
656.30484
626.50514
673.47693
625.01287
666.90111
719.52391
701.78604
694.74411
759.305
663.00416
621.59801
628.16906
620.01395
593.56499
739.57586
641.89005
585.76608
593.91999
600.13008
691.79082
679.87013
587.29196
619.38596
664.00695
622.75696
659.8649
675.23003
529.7029
495.9681
494.96794
529.96993
533.04315
540.1969
506.28805
473.50192
509.99308
460.06703
543.10322
545.28618
551.46384
549.299
518.713
503.81112
517.3161
524.58191
590.31606
620.27979
522.31407
582.81708
535.22182
623.11006
545.53699
698.75693
585.16192
581.93803
655.59602
622.68305
698.95792
602.38981
609.272
719.73705
604.91204
621.37294
688.63893
912.256
939.57615
931.95677
927.33312
874.77303
891.08896
808.17604
824.72682
723.25802
637.31408
605.14498
546.16284
563.66706
636.52802
502.32005
510.97798
479.19583
512.23707
483.24013
454.97298
625.51904
583.93002
542.03916
471.10701
473.84214
437.3939
439.36801
433.10499
498.72398
382.9329
423.64597
417.871
425.18497
399.07503
417.28497
500.31996
429.74615
431.91814
582.18098
477.55885
604.17199
507.50995
522.33815
496.92988
485.43501
570.44387
494.96102
595.81709
498.46292
533.20789
460.20412
523.82994
504.68707
529.98996
574.50891
558.83098
565.65404
619.67301
632.40695
596.38906
555.28021
578.68218
559.82018
662.71496
733.39415
637.13288
602.23198
649.17111
656.11982
572.19005
657.37605
524.81103
625.74196
604.57802
573.78316
555.67122
534.44195
542.93895
468.85085
473.99902
541.14199
497.26319
555.46713
500.17285
496.85502
475.73209
509.07803
431.26106
483.922
480.74603
508.58712
457.99589
529.43611
459.23114
477.59104
485.24594
524.06597
485.72493
512.84909
560.30583
480.48019
575.63901
515.22803
506.79898
465.01088
507.94816
483.87694
490.67783
473.15192
553.52807
481.32992
546.35501
521.05689
516.23893
440.19604
463.27305
425.37403
427.11115
445.32013
440.19699
377.53797
387.63785
390.61809
387.95781
363.78908
384.86791
367.34009
441.58101
361.66883
340.065
426.3761
384.90796
384.02319
349.44606
364.02011
354.92706
355.03101
348.30189
363.57808
361.67192
557.69587
365.10611
445.23692
387.43615
375.12517
427.06108
435.83989
392.14897
437.9921
413.04898
436.76686
474.07699
413.01298
475.08502
426.5449
516.58607
485.17489
465.00421
453.09186
501.24097
488.58309
546.08297
431.21696
513.59296
476.14384
540.30609
594.1999
553.80201
541.9209
534.92808
480.22699
549.04294
508.20994
563.55906
517.3378
494.45605
421.7279
446.24186
489.74395
455.10292
456.14815
411.23915
408.76293
362.81991
389.01901
372.02907
367.65814
422.84799
435.54521
453.21703
402.69494
417.82498
641.19601
416.61811
486.49383
411.74507
410.51793
452.73209
424.35384
459.76806
554.82697
503.79705
514.74214
450.98901
526.16119
522.23086
487.97798
488.70897
437.51311
437.79993
396.51418
435.19902
419.86799
438.67517
488.45887
454.07319
341.5699
432.25002
399.79696
461.2
499.10688
496.23108
469.49291
480.33404
502.30503
448.64321
467.00597
408.09798
464.86902
419.13986
422.014
436.52296
474.46799
453.14693
422.18995
442.65389
498.47102
482.73706
453.33815
441.72692
520.59984
512.25209
