738.23309
819.40293
752.03896
716.47096
703.33099
765.10191
894.4931
748.30198
797.04189
805.66597
711.74192
854.49696
767.83705
841.90202
760.55121
762.24017
769.65213
767.68303
747.89906
789.37006
813.5159
883.20398
863.42406
796.15211
808.79283
893.47696
787.81295
740.56506
776.41511
660.33697
591.39514
710.65998
828.31907
731.9479
784.66916
689.96191
669.33298
703.76015
699.224
753.90387
794.5478
637.30121
704.47493
691.45203
693.51697
641.11805
882.50399
829.99206
799.69096
795.82691
927.71196
767.93599
707.05295
631.1729
661.33714
807.57093
643.24999
676.28384
645.48302
716.8591
840.37185
798.51604
852.06509
756.39892
671.15092
812.42609
717.03005
768.07714
725.39091
601.48597
656.003
648.89598
604.27999
665.74597
747.25795
629.09198
592.82303
681.13303
605.56889
751.24097
683.98285
734.57313
815.1679
647.62092
742.33913
754.30393
772.81213
717.98182
638.57198
702.53205
651.83711
613.91187
597.76521
684.93295
660.52485
832.76296
697.39008
730.13115
925.93002
1009.18007
1088.6991
825.36793
761.72209
909.38497
886.91807
833.64105
861.41205
999.74203
1033.26416
1240.58294
1045.49003
1161.81517
1170.89105
971.48991
896.28911
908.88596
991.8921
944.26489
945.85013
1013.65089
1098.30117
894.48595
982.41305
1002.18081
1003.19886
990.73601
1049.99614
1005.14221
1102.41604
990.06987
1037.61816
1090.22093
1042.413
960.42013
951.83897
923.31004
994.38
10748.31295
995.40305
1117.84792
1131.45995
1102.42009
1109.39789
1131.30903
1044.55996
1122.23983
1141.24298
1209.11598
1182.77884
1101.38392
1290.86018
1057.69897
1158.80203
1053.91598
1114.49099
1055.32503
1153.50389
1120.30196
1117.04612
1023.67687
954.39196
1047.997
1082.60012
1087.59093
1104.71797
1118.02983
1095.21914
1171.05103
1333.15492
1321.70701
1308.06279
905.3359
1009.92584
967.27085
961.06195
939.34989
896.56496
916.37421
961.10892
927.02293
890.01107
933.146
786.59201
820.30606
850.7669
717.93294
2043.03694
854.9881
916.98194
807.27506
889.22906
987.83302
1038.65385
897.97807
880.862
775.47193
870.47195
765.67888
851.06397
726.07088
1047.18709
1022.99905
961.71188
911.93891
829.53501
932.82509
886.39998
829.6299
837.30698
878.829
811.20086
631.11806
538.31291
581.91204
531.19993
538.67722
551.579
614.76302
677.4888
603.39904
680.34792
741.21094
746.20104
736.42087
661.41295
656.8501
628.89504
615.38815
746.46401
721.98296
751.03378
700.495
701.85804
647.59016
700.84906
672.39308
636.46293
627.666
640.40399
665.61508
789.61992
664.97898
572.50619
598.31619
635.18286
590.37709
557.52611
678.22409
693.09902
542.94395
672.05906
683.29716
590.65509
582.62706
581.95806
618.97993
648.05388
695.9579
706.94804
582.47399
721.45414
609.70592
712.77022
688.02023
639.47105
615.37313
582.83687
648.36788
604.79307
625.36693
653.62
614.10713
670.92991
700.36006
703.85194
780.29108
675.59004
574.05806
687.60395
618.02101
641.29591
615.51309
645.47896
639.65583
649.50514
747.5059
634.82714
686.12385
742.01488
698.07601
719.10596
701.03908
606.42695
734.44796
620.11886
613.14797
737.08296
621.75488
683.89106
711.95507
821.30408
677.07181
650.44999
678.30205
657.7549
621.68193
700.44589
663.88392
666.87298
708.20594
656.15988
664.7191
715.10696
706.07519
700.76919
701.82085
731.43792
706.63118
696.46907
697.22795
697.59989
676.98812
615.01789
685.02593
856.0071
644.11902
641.37411
666.75091
840.29102
877.25496
896.73305
879.79317
840.01589
741.41216
774.47295
764.83202
724.59602
792.7072
751.42789
818.24589
801.07999
805.42397
887.79211
901.45206
847.11504
891.79897
878.00193
864.47811
826.83492
835.09707
982.19895
933.50315
989.8572
1124.11785
1186.61404
1046.9861
1033.92196
1004.91691
1110.67009
1005.19586
1118.23511
951.60198
1046.34595
1026.04389
903.69511
911.47089
977.75912
987.23292
957.443
1027.68898
949.98097
1055.04894
1007.09105
1000.8769
948.05193
914.48712
892.37189
959.15294
973.69194
1028.10097
1021.84296
1020.082
929.78907
909.77287
783.90503
807.21998
845.15595
891.22009
827.26598
914.72101
1006.10685
877.61998
943.60304
1000.66304
991.79411
906.44193
1057.79314
927.3479
971.56
929.99411
