274.59502
174.76583
175.30799
175.49586
175.62795
173.38085
174.83115
173.86198
176.24784
174.93701
280.04098
292.7351
175.60101
375.31996
224.48683
176.61214
256.15501
259.81402
176.27096
202.61002
243.39509
255.2309
206.10714
178.76387
177.15383
174.88408
174.15285
174.28207
175.37093
177.65713
175.01879
176.651
179.2829
172.77384
174.77798
177.74701
178.12896
323.94481
279.85907
175.7338
279.12998
174.34883
253.76201
174.75915
176.5039
175.44007
177.1028
178.51901
188.88187
294.36707
328.31407
177.61111
175.74883
190.81593
176.00608
175.78101
176.75209
177.12903
174.42012
177.24895
176.41807
176.13101
174.65019
177.28901
176.11313
179.14796
177.53386
177.50001
176.68104
186.98502
182.42478
272.64214
1167.32192
177.99902
181.36311
181.2849
177.23799
176.93901
178.61891
178.65515
178.86591
181.56004
175.86899
182.99699
177.92606
175.89808
181.62012
176.00679
178.78199
181.88691
177.67596
180.26114
181.99301
178.20287
225.82197
176.16606
178.66683
181.25105
177.74892
212.90183
291.06188
180.74107
176.42593
177.11115
183.02584
181.13112
181.02193
183.00796
178.55406
180.62711
177.64878
178.02501
196.47193
178.57814
178.25508
175.54402
177.73795
189.01086
182.2722
176.14794
261.85513
299.20888
184.98993
266.083
176.28098
346.802
186.27405
186.40494
242.22994
285.58993
324.92518
185.14585
178.00617
175.14014
178.13587
178.94578
177.64711
173.42901
174.22891
198.37713
195.12796
176.76401
181.75983
179.5001
176.19586
180.57799
176.52988
180.31406
179.8501
209.64599
288.56111
179.6639
182.25884
175.50802
179.68488
180.0971
178.02382
181.38909
302.36697
286.99088
176.68509
369.46893
180.84097
233.65307
182.2269
180.02295
183.15816
176.25904
173.69795
195.85609
180.31502
178.58887
188.90786
178.40195
185.52399
190.98902
183.66003
187.89291
176.86701
176.17798
185.65488
175.36807
178.99299
180.84478
182.82199
177.18601
204.50997
181.36907
198.30179
187.07395
182.585
185.87399
238.33299
204.62394
196.26904
191.66803
186.7311
187.428
180.74799
210.29806
487.44392
426.85699
473.7432
504.457
554.43788
399.9958
507.73001
520.82491
553.66302
418.88094
432.11985
416.63909
460.6061
584.2979
554.811
483.58393
388.91387
399.37997
417.92893
394.73104
538.51509
466.57586
553.48301
438.9019
366.32395
446.08688
463.86909
444.42201
487.391
539.43491
487.73408
452.45695
470.36219
503.50189
425.72784
506.10304
435.77695
475.41404
477.49901
546.43583
458.86207
461.36808
513.83901
578.79281
526.80802
504.13489
537.02402
509.67407
536.60822
485.67605
534.34801
454.37479
588.17506
437.69479
484.48586
574.59211
562.27708
494.58504
486.50503
442.81197
466.12906
430.36413
522.63284
509.03583
474.83397
451.04313
428.50018
447.35694
478.1909
539.34407
416.86296
443.27903
580.85704
424.03913
575.01793
439.68391
482.16009
442.90996
453.06706
495.02897
456.06804
428.37501
504.49395
436.68509
414.22701
467.206
468.86206
525.39277
448.66896
445.59097
445.63603
434.7291
466.86912
467.45896
488.12985
466.20798
445.73998
544.35015
471.09294
472.11599
537.56213
526.04818
571.93422
517.43102
464.75601
469.6219
497.293
412.54401
529.3088
514.85014
486.22108
468.60003
542.19079
467.8638
464.55503
453.13001
549.08609
480.6869
648.02718
525.70891
509.46403
505.18203
566.47611
481.30894
477.99802
675.58193
611.03916
550.06194
563.66515
582.829
565.04107
567.26289
488.20806
471.51685
557.89399
417.39702
373.40713
433.86388
457.371
458.63008
515.939
472.63408
446.25282
472.43595
569.58699
469.32101
443.77398
528.7919
584.09405
480.28708
524.54281
452.28291
482.7652
504.15492
455.89614
481.56118
514.28294
498.17204
404.27017
468.34588
555.59802
510.01096
413.40399
443.78686
551.22995
497.06507
454.82802
474.94102
460.28996
440.72795
477.19908
476.44901
444.97395
594.33389
441.22601
460.13284
443.97998
464.99991
480.24988
500.88096
459.09619
434.98111
500.45586
461.3781
473.05012
503.98612
456.97784
503.052
475.68893
460.42395
532.05204
498.71683
506.30689
489.26711
443.73202
439.05187
440.32288
481.60601
436.23495
506.006
821.49196
651.55602
729.7349
693.115
613.37018
766.43491
813.41314
831.07209
772.50814
742.44404
699.224
637.48503
655.28607
684.95393
651.11208
596.50207
584.66387
540.85612
647.35603
541.6019
673.51699
586.53498
538.74493
545.31884
526.98302
567.02995
577.15011
648.13089
568.93897
517.9491
481.01211
556.37693
568.63809
522.97401
503.99399
505.059
531.29601
494.47393
507.24006
563.91501
541.43786
562.06417
540.97295
469.02108
531.57401
577.45695
543.95914
496.08588
515.09905
592.36407
642.78221
612.58888
576.40481
568.02797
503.92103
614.50291
520.45488
490.13305
526.16
514.77885
507.19213
559.90601
611.15694
701.72119
611.41109
712.59809
698.43698
705.827
723.67406
683.13503
633.58808
608.46686
666.97788
665.01093
639.20617
584.88989
628.11399
537.93311
658.1099
576.94483
520.74122
505.82981
495.93806
499.80211
525.52199
629.43101
546.95296
559.92222
486.81092
550.33898
534.20019
578.89199
545.25495
532.69291
524.97506
577.26216
594.75589
571.88678
609.31492
634.82094
635.44393
541.67891
655.10488
553.03192
594.9719
578.91011
580.04594
589.09798
599.01404
592.12899
632.93886
562.34121
508.39806
519.28997
523.05102
546.93294
477.08797
475.50201
450.58298
479.89607
381.93297
416.28313
420.99094
441.79511
445.89591
384.35388
441.89596
428.17402
382.80582
443.39919
507.59697
453.372
538.14507
554.39401
531.22997
485.24499
490.71002
493.37101
505.59211
494.32683
499.8579
512.0821
496.98591
493.94703
555.06396
556.57291
541.34679
495.9929
505.02205
546.134
523.8781
525.96498
509.04584
607.01609
562.85787
567.24405
579.08702
573.89593
518.31579
518.0409
499.34411
475.80695
424.71409
512.15291
496.89317
506.35982
491.68301
490.11779
394.85097
404.0699
458.07195
425.51613
503.04103
431.777
485.86202
515.14506
470.88385
536.97419
482.24878
512.67719
466.52079
579.75888
592.03005
625.103
579.99015
530.46298
568.13002
585.85
586.26199
548.27189
552.72913
566.05697
553.51305
548.68102
550.735
618.51907
608.00791
599.67709
568.79997
549.80206
