728.37901
776.69692
752.02584
840.24811
815.70292
728.84989
706.29001
625.73195
696.16604
720.41607
593.94097
736.92799
959.86485
775.89703
790.21788
838.69696
821.17701
893.63408
916.15796
937.71791
958.73594
837.47697
737.216
810.72903
899.17994
894.28806
951.92313
1106.18711
1022.07708
1140.04397
1143.54801
770.48206
890.83791
751.81103
642.17305
655.99084
586.74288
697.25895
772.93801
906.01015
719.97094
688.66587
728.97506
747.3259
715.96694
720.60013
674.53623
699.30315
1172.45293
815.38606
791.63694
554.142
587.01706
748.77
792.31501
785.29906
649.35708
647.62402
613.93118
603.8661
595.17097
595.33191
750.37289
626.67418
728.45602
807.41811
673.47407
808.68506
810.91309
760.185
754.20094
720.57509
697.59107
707.865
690.36198
659.26814
793.05983
764.77194
701.9999
767.27605
700.99306
658.88786
634.01294
630.05996
587.82697
590.28411
605.81899
627.01488
592.99397
624.12381
579.9439
721.95196
647.87507
653.16606
568.97497
712.22997
655.92194
586.52616
617.26093
675.36306
813.66205
668.55597
649.41287
684.00216
592.07702
711.28511
609.95913
738.44504
656.35514
711.01499
673.19989
617.00892
706.49195
674.83711
616.80913
644.56987
706.64811
651.021
695.69302
685.32085
645.72811
557.49798
594.42711
571.16103
716.55703
549.22009
581.43401
596.99106
637.47191
537.61601
546.97585
578.97806
615.14091
535.815
499.10998
582.61681
648.67496
512.17198
598.04797
529.62303
568.07017
549.69692
618.1941
507.11393
598.23394
594.1751
629.80413
671.18192
633.80384
707.31807
739.79211
681.80203
656.97098
594.07616
676.9681
740.17119
643.9321
586.06386
590.35707
683.87508
582.93104
589.14995
616.38379
686.77497
588.6271
703.77493
652.40121
525.04897
559.68595
542.65499
566.29014
600.22211
519.38987
621.16718
732.63407
791.70895
716.717
779.35886
671.49806
822.14403
726.64785
706.07805
767.06696
727.32401
703.49097
708.40192
824.56303
755.48291
751.17707
860.43191
942.42287
923.00797
860.55994
744.62199
814.31103
812.68001
843.04285
936.33604
880.6951
799.25299
458.28891
452.61502
407.08995
440.65094
452.99602
437.85
431.27418
446.57898
426.0242
389.11891
415.39097
401.824
379.14515
362.90503
367.69605
380.2259
372.54786
441.00595
408.18405
407.95708
402.66204
374.63284
388.76009
404.79112
386.04307
386.55186
432.235
438.73382
446.02609
455.235
448.23909
431.62489
430.91393
428.62511
396.91591
437.96802
428.95508
424.37291
453.28903
425.86184
440.01412
414.99281
465.99984
452.34799
432.89399
465.82603
386.43909
454.87595
465.45792
532.71699
593.26887
423.52295
1160.96616
443.74418
360.52513
429.528
465.20185
464.57195
371.85407
472.69797
386.28697
433.86507
370.16892
342.78607
454.78702
404.01602
419.98482
428.77007
432.60503
563.74216
393.08786
455.00398
350.52299
471.77505
376.63412
360.16893
395.89787
390.16199
406.76594
364.79616
350.15297
575.81711
388.11684
344.05994
460.12092
488.8401
328.00198
404.598
375.96703
473.67001
435.16493
419.49582
389.009
397.77994
363.74593
461.03811
441.61916
336.05218
392.53402
463.28712
624.34888
419.85607
369.78102
427.91796
345.649
401.88098
421.00406
364.43591
378.49188
369.11893
480.95393
457.75104
351.15886
341.99595
374.05491
372.967
404.95992
440.00816
426.0149
462.86988
506.11115
390.63478
389.36305
569.20505
458.78911
459.04589
504.96411
368.00599
353.266
406.74496
451.50495
360.04806
335.5062
340.3132
333.8871
334.85198
346.22097
448.89498
333.92906
398.94104
440.30404
339.83397
347.81289
452.43406
397.73202
331.97188
374.08495
332.14116
424.84283
435.23002
505.13601
354.90012
432.74188
373.28696
435.87303
407.64999
389.17184
358.23512
329.88286
429.12912
437.02888
369.46988
426.78905
362.8881
452.86918
388.98778
373.03519
419.204
416.62598
453.14813
422.92094
435.15897
419.49081
414.51502
429.31008
409.14297
347.64194
327.92592
346.19212
363.07812
427.69217
427.98996
450.01912
442.1699
339.52999
361.87792
349.68305
411.01217
422.96982
443.60995
398.46706
419.87491
411.01599
386.01685
490.08799
371.1741
372.14398
417.89818
371.43612
458.87399
1034.62815
1039.69288
1076.53904
1051.92304
1054.08692
1002.02203
1151.48497
1095.87598
1013.19814
1001.90496
1018.24403
1028.67603
1048.17796
1081.68793
1015.99503
1147.0201
1042.96088
1135.08797
1076.85995
1064.55588
1127.87104
1137.31098
1131.26302
1224.32303
1175.60506
1218.65821
1267.35115
1189.92209
1208.40192
1163.90514
1147.48192
1149.32895
1180.30691
1177.83594
1217.22794
1157.31812
1059.2742
1085.13117
1091.72702
1042.799
1080.09601
1147.30096
1072.90483
1070.85705
1035.96401
1122.44987
1017.22789
987.5319
1042.52219
1054.33488
1354.19917
906.83508
715.35015
718.35113
852.70286
952.39401
949.00513
1038.30004
1006.23298
1139.99081
1084.54013
593.94789
701.08509
780.28679
881.20317
843.91904
914.84523
932.08385
971.58003
977.01383
964.00905
792.03701
768.98503
765.49196
726.90415
757.9639
681.5021
717.22317
775.07806
658.70595
707.63111
669.19708
664.33477
709.1341
677.24895
596.57788
675.55809
627.97999
654.90389
627.89202
552.47593
595.19601
617.33794
604.71702
594.72108
595.54791
588.98711
599.0541
604.71988
541.01896
687.90197
623.66199
581.47502
634.98712
532.52411
630.19705
668.75005
548.08116
587.52894
588.36293
546.96894
653.02992
635.24199
574.07784
594.68198
606.87208
508.10409
527.35901
631.212
587.31699
623.10386
579.71907
613.00206
794.4591
703.88389
730.10206
784.60383
590.99603
615.81802
631.94704
642.71617
680.22013
640.11192
625.96416
575.57487
599.32899
583.08387
622.93792
629.07887
594.94114
607.93781
613.05618
597.90587
693.22991
591.95614
608.26087
841.65907
863.49106
928.63512
1002.21515
1219.51199
916.09907
1031.08883
984.24196
866.17398
815.51099
911.34906
879.0369
786.83996
796.96798
774.67799
839.21409
841.69292
793.84208
831.31981
863.024
982.76401
836.38096
788.68699
755.25093
769.91796
708.94098
693.78281
799.83592
670.62712
581.27117
594.6691
550.18592
562.64305
540.74502
546.803
568.22419
589.5021
571.85388
604.50602
600.33202
497.44296
539.39104
538.71083
582.82304
593.27602
541.87989
583.62913
737.72502
744.05098
734.80988
740.47017
761.44791
607.62405
755.95307
