456.78592
447.58916
421.10515
475.27289
526.43204
558.54702
595.41798
635.15306
533.30898
691.45608
773.4468
785.23111
904.74415
865.47494
843.52493
933.1851
892.90285
841.00986
855.90696
917.11807
814.89992
1245.68391
904.5651
790.80391
710.18696
759.866
768.94188
440.46807
483.1121
513.56006
476.61901
454.44584
490.92007
487.54501
475.51918
541.78977
519.24801
479.29287
550.83299
630.62
601.65787
646.19994
581.47907
601.82786
648.71311
561.95498
599.52402
708.44698
655.38001
701.23005
854.47001
666.94188
714.84113
603.02711
698.96698
763.46803
652.22192
555.43303
497.85304
548.15006
520.26415
645.20693
502.84195
480.98803
515.84005
534.04498
553.08199
546.44203
553.24984
486.52697
580.27792
538.99193
554.13508
552.46305
562.54005
537.20093
513.32808
567.91091
520.57505
599.65396
553.08604
616.24694
589.04195
614.68196
589.51092
648.53716
724.58315
824.64695
701.35307
690.71698
657.96804
665.52305
620.02921
594.27309
585.30998
624.1498
538.29718
628.04699
522.49908
568.76087
648.04292
539.51001
484.16996
534.36208
484.5221
526.13902
516.9239
528.96404
506.69003
460.21509
455.51395
533.19311
551.40209
525.36798
553.52592
565.31096
679.77691
612.01096
630.759
674.33906
661.22103
700.37603
721.60292
686.94901
738.2431
761.04808
783.81896
748.43693
677.38795
727.20981
768.53204
653.13196
675.25601
676.229
640.45501
685.3652
669.92807
761.77096
698.8492
569.95106
607.50985
550.5631
602.42414
574.03994
610.40115
524.2939
503.17812
506.59299
466.35699
548.73109
619.44103
503.23892
501.88112
456.68602
540.905
514.27722
494.26007
514.03093
626.78504
634.74202
608.03413
644.41109
583.26316
620.9271
574.51296
624.89104
537.57715
547.64104
531.08311
480.96585
491.15109
534.02901
527.0822
568.78686
616.43505
584.63097
659.46507
633.92901
593.89901
699.23902
595.28089
627.41399
639.70089
648.06318
652.97604
587.01587
613.18302
596.50183
616.54902
643.76497
809.67689
682.31916
670.05706
664.71386
657.22418
649.62816
647.25399
688.46703
717.78989
711.07602
379.83894
389.89902
378.95799
386.0321
412.95791
390.14006
380.87606
376.50585
377.882
383.96597
385.21791
375.67496
415.32898
380.61595
414.02411
381.042
381.89697
421.33093
382.88784
376.84107
378.96991
383.22687
382.7579
382.18999
409.98411
397.33696
405.85208
436.86604
426.15914
479.06017
501.91903
506.16002
501.14202
497.72382
484.25102
512.87293
494.28606
527.82011
539.78992
588.29904
584.81216
630.19109
665.80606
563.92908
568.25495
490.76891
469.51795
499.89891
505.64814
584.52582
677.13189
580.62983
514.853
586.54213
536.63492
557.31416
510.849
520.17403
497.20192
513.74102
522.81213
585.02603
484.63011
493.06822
502.85482
509.58896
580.03187
548.33198
588.78994
565.27901
553.77197
520.40195
534.88612
604.285
603.90711
565.68789
541.96405
549.18098
570.28317
546.32187
545.28713
494.37094
476.58706
432.72209
503.99399
449.09406
469.11597
473.26016
449.17488
470.62302
502.78211
436.57589
429.14414
429.20208
486.37199
447.59202
445.503
404.79302
438.33709
556.79607
651.17002
501.55592
448.63415
495.96691
506.58488
511.17516
471.138
487.59818
486.33695
482.21493
483.18911
466.03513
470.33095
449.25499
438.07101
458.89091
481.48179
496.96612
480.83091
506.248
498.70896
485.67295
537.59813
551.19491
508.8222
483.35195
527.93813
556.04506
544.08193
519.9852
503.27516
478.01304
483.20699
481.112
526.03412
448.26508
462.86297
457.23104
446.9552
465.62696
440.49597
501.35899
446.33389
480.49712
509.35888
512.57396
513.92889
538.18107
499.90702
593.03808
685.601
480.50308
526.77393
476.11094
690.36698
758.33392
767.19499
696.702
748.22092
787.15396
786.31997
809.81493
903.5821
813.80987
798.68698
821.24209
731.44794
764.45889
868.27207
749.93801
838.135
883.76093
477.53716
495.65983
527.07481
501.94001
506.88195
547.67895
545.45808
531.65984
464.36787
527.16708
515.33103
528.80406
533.62799
520.91813
514.34517
576.51305
580.62005
555.00984
547.81508
509.20486
533.19407
502.98786
610.502
614.19201
560.06503
631.52695
632.33805
620.57209
576.77603
530.31397
606.75812
522.24708
684.96895
583.24599
649.68514
540.66014
668.52903
561.57517
590.53206
657.22513
723.02794
510.33998
552.83189
646.71016
533.12802
606.85301
630.51915
583.08792
593.63818
600.01993
623.72899
538.47289
573.668
604.18487
594.04707
596.3769
565.09709
544.12603
624.03798
588.92488
675.30894
652.43196
668.38002
647.46499
626.03307
610.49914
608.65903
660.75921
629.11487
669.36302
566.46705
680.59802
675.34494
692.35492
570.87493
563.47299
547.00899
646.89803
746.382
508.5988
496.3491
545.609
545.31002
565.46879
463.19199
526.84498
488.84511
519.19389
493.85214
505.06902
459.14698
555.7878
557.68085
470.438
435.43315
409.22689
416.92114
418.607
421.24701
420.52889
384.87005
383.22496
379.22788
380.95593
373.41714
417.69814
352.31781
373.64602
363.91687
372.09201
385.83398
374.89295
395.12086
440.26995
389.56094
386.657
360.54492
355.43704
385.76198
547.42002
385.14113
382.90596
373.39091
376.91498
374.81713
399.85013
386.76715
485.85892
568.573
456.60806
465.47294
607.32102
468.42504
524.24908
497.545
475.60096
450.96803
456.79903
531.05402
491.48011
489.44688
581.55084
485.05116
513.11016
559.71098
550.66705
551.59187
505.28407
556.73313
565.26303
612.92386
544.75617
543.71095
505.70989
479.97499
512.82883
547.19114
550.57287
525.20299
484.68685
461.10797
620.53704
461.49802
497.4761
539.03389
551.94306
500.75889
504.04716
463.10687
526.2351
617.09595
492.95282
499.91512
523.15903
478.19304
465.74593
484.69281
541.82792
597.94998
430.8691
429.23212
485.16512
528.99313
472.0211
451.19095
448.76099
422.78004
424.19815
440.18412
452.21114
477.86498
443.46285
487.3631
516.54506
494.29607
492.69009
525.55203
542.30785
624.54319
557.04999
643.38589
581.28786
625.72885
611.30905
691.78009
674.69311
607.54895
599.90001
630.13315
540.84992
522.7561
582.46493
578.14503
679.64506
556.01287
588.81807
570.41192
638.50594
562.93011
656.35896
630.89585
600.90494
577.02398
1297.92595
804.4951
616.06193
580.26099
561.54394
