569.15998
727.06819
653.58996
593.57095
650.11001
693.12501
698.43698
582.0601
603.00422
608.98399
619.96007
750.92697
685.02903
680.0909
613.24692
631.65903
611.16481
619.79198
634.67002
686.17296
640.05494
629.29201
648.34213
922.59598
730.43489
653.48005
617.29193
593.06288
593.50204
819.32497
674.23606
724.79296
762.676
665.169
603.87206
723.46616
622.02215
645.365
614.28308
646.89493
737.06603
616.68086
589.07509
590.0948
687.53004
645.88094
653.84603
538.47384
571.01703
593.13393
755.10216
658.90908
640.08093
612.08606
735.49795
739.10904
637.59017
667.04082
615.28802
589.82301
659.92808
540.21287
740.08393
690.79709
596.89116
698.74597
535.61592
621.03987
547.45603
558.43592
536.52596
623.72088
581.96783
609.42388
541.80813
538.80477
494.96007
525.22302
542.43994
662.48488
499.71294
580.024
592.56387
538.75399
484.91907
499.82905
550.06099
503.47114
557.796
529.27423
509.619
499.58396
545.8591
570.88494
625.40102
543.21098
656.80695
590.08408
585.93297
703.439
803.20597
729.22206
742.42902
575.94204
670.20798
662.81009
841.60089
820.78218
743.93296
914.36291
844.15507
986.88602
844.3439
1156.61311
667.82498
679.97098
725.86513
726.09282
711.35211
805.13692
728.31106
846.54498
926.46217
935.97507
1097.121
926.03397
955.38688
904.61111
1025.3849
967.63206
975.95286
1172.56999
1088.83715
1110.82292
1117.42592
1140.903
1104.46095
1227.40316
1159.47986
1084.44309
1123.0402
1156.60596
1157.62901
1376.73688
1301.02897
1099.97296
1110.97407
1080.35707
1257.46512
1136.06215
1389.01186
1253.10707
1236.39083
1274.64914
1245.74804
1171.386
1251.616
1161.13687
1142.45105
1156.70204
1142.102
1288.20992
1294.90399
1262.84409
1247.90597
1700.15693
1474.88213
1521.36207
1463.5148
1575.91581
1666.94283
1423.00296
1465.61718
1511.91282
2386.85203
1279.51717
1328.6469
1738.11412
1213.22489
1246.19102
1737.06794
1204.93603
1666.42404
1239.64
1650.62809
985.31699
1457.51619
2308.81286
1890.22017
1565.59491
1174.36194
1546.36407
1073.96507
1223.63496
871.37699
750.2079
837.62908
688.98582
845.94202
872.81704
692.91306
717.34285
707.31902
645.48206
727.26607
707.41796
641.76702
629.16112
636.22093
649.78099
738.1022
777.15087
692.59787
643.79501
674.26109
591.66598
595.47186
599.10893
692.52586
676.97811
676.37205
695.34397
766.80493
692.72804
600.25191
650.68388
640.29312
657.32884
646.2729
614.44092
636.20305
700.22011
717.10992
667.85002
631.001
668.08295
705.24693
726.43685
663.45501
701.18523
717.43703
750.67782
622.15519
640.42401
658.05411
769.10901
720.06607
747.8168
771.07882
570.86611
851.84216
656.07691
621.51217
645.03694
656.99792
677.98209
689.11314
635.638
561.75113
657.5129
876.31297
657.04799
595.82496
762.29906
708.96101
820.96004
643.98313
645.10608
614.53295
695.37401
690.98806
637.11905
579.54407
653.28407
673.06399
631.74605
710.12616
638.04007
757.78198
626.53589
800.63796
717.67306
686.60998
665.45606
655.72309
673.12193
624.75204
561.08189
601.79806
689.95905
644.12212
663.64789
745.16892
615.67211
672.83988
631.14691
694.26513
686.61189
839.36596
663.12599
767.32206
588.56893
739.6841
707.47399
646.11602
785.07209
709.57494
805.1672
812.02888
2996.43397
837.71801
858.33502
780.43008
794.81101
889.01091
932.59192
758.89611
819.30685
783.81896
785.36797
735.66008
714.86306
802.01602
746.95897
733.77395
776.57795
749.09711
809.29804
858.88505
782.26709
896.62504
901.13306
954.69904
935.47893
960.47688
939.70108
931.83494
858.64305
949.94092
936.48386
1047.39809
895.28394
861.98688
832.56221
1006.13308
704.50997
935.54902
679.106
659.16491
716.88199
887.20107
591.75706
760.45585
674.11709
730.07798
768.05902
710.11615
580.28603
728.60003
660.954
584.05495
654.28901
652.46892
636.37495
590.08288
651.13306
593.38403
649.13893
666.50295
622.66111
645.72287
715.12198
682.31797
614.04586
649.59407
737.602
765.57899
598.65594
622.01309
640.03801
674.73602
697.20316
686.28407
692.08097
695.45412
762.84695
753.06582
693.0871
775.33484
636.98816
745.33486
730.00097
829.90408
796.16189
641.64996
722.92805
723.07897
666.14294
692.31415
627.69699
764.68396
816.2322
1634.59396
738.85202
698.59004
752.18296
789.93797
686.95188
762.34198
961.98893
720.46208
809.5181
659.94096
913.01394
674.09611
707.72815
737.27107
766.84499
771.53277
789.82496
689.89205
653.20206
672.1921
699.91088
830.94597
761.15084
691.782
759.95898
703.17388
668.80512
820.98603
762.25114
833.02712
714.78391
721.05098
746.47713
770.76721
798.99716
838.12785
974.0541
729.66599
860.81982
801.98002
817.96694
835.03413
786.82899
936.40494
863.54709
862.84995
759.62305
1034.39903
788.04398
799.39914
2790.9348
706.08783
740.12089
829.20194
1829.34499
729.40207
744.08889
898.17786
755.40996
693.69197
660.66098
1693.04204
745.20802
681.72383
800.68398
796.39602
732.09596
751.28698
655.03407
595.06989
692.18802
578.92609
639.98199
669.65413
600.41285
695.72806
795.79782
604.64311
641.55507
760.63108
685.78291
642.23003
681.00309
626.03092
597.03994
736.22108
675.71998
597.91303
677.3448
732.45716
670.02583
704.97704
764.16302
751.07193
844.39516
796.88191
794.8761
934.16786
750.49114
730.80182
790.3111
657.66096
692.28888
685.95886
712.62693
765.15985
780.45201
627.25806
616.52994
696.49005
722.19586
662.21309
729.19106
658.07891
602.10395
663.43212
661.237
669.35802
698.37189
659.85894
678.9
898.59509
861.08494
758.79598
737.26106
657.52387
595.40701
678.22504
654.7718
667.53507
740.77797
708.6041
639.1089
688.91597
702.05784
616.03999
613.25812
575.19317
608.85787
603.41716
644.7649
705.23691
591.06994
600.52991
634.71222
555.32789
566.40577
747.31922
587.80718
597.296
602.66805
719.32793
662.97102
549.84093
555.80187
670.61496
596.29512
683.96306
640.89394
730.6931
648.78082
652.776
612.0131
637.14886
677.23799
711.3061
716.21895
803.09391
758.06499
650.93303
678.03812
861.90701
729.43687
686.62
720.20888
718.07408
678.10297
675.26889
807.80315
705.33013
706.47383
638.03196
662.13512
643.70084
625.03004
749.31598
650.25377
729.12097
662.01091
648.94485
644.39607
614.53295
574.16511
581.95591
588.38582
657.48715
631.29377
