589.59293
511.18493
502.73013
503.82996
505.71108
497.28203
500.39983
545.89891
497.48206
491.70899
504.2119
502.56586
491.34803
522.20106
516.70909
650.52295
497.84207
496.96088
510.58507
658.37598
522.18604
513.47208
678.59507
497.63298
582.62801
504.69995
492.85007
496.81211
495.62097
492.21683
488.96503
510.9551
511.32894
558.91299
583.42886
577.42286
517.44699
539.42418
528.48196
533.02193
524.49703
531.54516
518.23807
555.77993
560.06885
638.14092
540.01999
551.72896
611.86004
580.29795
800.79103
534.66201
548.75612
706.18987
598.78778
555.92918
682.60193
612.40101
593.90306
568.434
515.83409
515.07998
628.7899
542.39297
519.44995
513.61895
512.748
497.39289
491.74619
532.17101
573.6661
771.45886
618.46304
526.49617
516.04605
574.22185
555.02295
538.94806
533.09703
497.44606
489.44998
511.30795
495.72396
494.96293
502.08211
493.48116
498.631
488.04808
501.61219
493.30902
512.48503
530.41291
497.96104
489.87007
495.07308
498.34394
532.84812
496.93298
525.29383
531.30913
652.32897
496.03796
494.11201
491.32705
502.877
496.19293
509.56798
502.21682
498.24119
492.29503
535.00795
510.7739
496.59705
490.33999
510.71906
514.40907
509.61804
519.47618
503.35288
528.78308
502.47502
556.06103
525.93112
514.56904
498.46292
524.2331
507.33185
525.82097
516.82806
509.43518
493.49284
515.81097
514.47511
494.74192
569.12017
581.68888
649.31893
535.67386
535.13098
532.54485
535.9621
494.69399
519.83309
546.47613
508.29601
622.25604
579.1049
538.12194
519.99307
533.62989
645.94507
507.689
509.8331
519.5961
619.10892
548.34604
513.54289
537.00304
587.54992
520.02501
492.33389
496.08803
489.784
488.59501
595.90101
582.4821
515.9421
571.08402
526.17693
528.54609
570.82105
509.21392
535.82096
533.26893
518.76807
521.384
499.03297
489.71009
580.46794
542.71889
500.10705
561.95092
532.44781
503.55196
491.71209
492.3811
537.0338
517.452
496.59991
826.90191
849.81203
517.74907
542.6259
545.39299
492.74492
517.80915
602.07486
508.02183
669.64984
564.80813
