426.59903
370.5368
393.9991
391.16907
362.89883
354.04396
362.46419
356.37498
381.76298
362.80799
380.91302
367.16104
355.76701
368.65807
409.271
369.82989
405.23696
736.96303
364.3918
356.81009
360.87489
370.34202
403.97906
351.30906
363.28578
353.66607
728.87588
388.24415
356.15706
357.56993
357.53608
747.83802
360.41188
344.52796
363.17801
368.78204
743.96396
357.39493
370.55707
365.26299
359.08604
391.35981
361.19318
346.78602
363.76095
361.79686
376.78313
385.4351
411.76486
407.34816
514.75
357.25999
355.5429
369.67993
352.02909
363.16991
375.29397
375.49806
378.21412
362.40911
422.83583
377.96307
355.36408
360.19206
357.67198
362.51211
396.04521
378.53479
399.683
413.59997
374.37987
370.32795
359.92503
356.84514
373.46387
365.64302
392.07006
364.16793
350.9028
361.09614
348.97089
347.18204
362.03003
380.30219
380.73015
360.55493
368.60204
387.88605
366.62507
348.57416
363.77883
356.91714
364.19988
368.51001
353.77812
364.30788
369.29488
357.55205
392.77792
457.02696
699.58496
353.24717
362.91909
385.33401
367.88106
365.65709
362.04982
356.52089
355.95012
731.42481
361.54103
357.16105
423.88988
364.93897
360.99219
372.62702
377.35796
378.38602
363.18398
357.41711
367.91587
397.04299
362.39386
730.75294
389.2231
347.66603
381.42586
365.26394
366.28985
361.66596
385.03909
364.28189
364.16507
367.91992
408.50902
372.28394
353.21093
354.26807
354.80094
421.00406
351.55606
367.44499
348.53983
368.49213
341.42804
391.76798
405.19691
364.27093
363.02495
411.05986
530.51019
368.94417
389.60505
357.56207
363.04593
344.3799
365.87095
362.29706
390.81097
451.792
400.87199
386.374
360.70395
387.40492
368.54696
348.92917
365.01098
359.01809
356.00805
364.2838
362.85114
375.33402
348.36507
747.09296
367.23208
358.99806
375.50211
356.51588
361.22513
359.00092
368.94584
357.05495
407.98211
368.88385
371.11712
365.99803
355.36289
365.93699
367.82098
387.84909
371.94204
414.06703
385.01906
358.37698
363.75499
368.84022
386.73091
369.49682
362.19215
431.95605
