543.14184
537.94479
518.14914
516.99996
589.93292
634.03916
594.16485
627.89512
521.93213
552.634
519.66095
526.0191
517.63201
518.09978
518.1551
517.01403
526.19195
542.74988
570.04309
564.94498
518.07809
535.33196
648.808
580.8599
549.05605
556.36001
524.88804
534.2381
520.77103
525.53988
517.46607
609.98702
584.60999
567.41285
520.96415
621.03701
559.25608
519.98997
548.96903
519.97519
597.60094
522.36509
516.00504
519.18292
546.06605
519.79613
522.12
553.05099
529.96492
590.09099
652.90618
575.13523
518.99219
598.15502
564.09287
579.40698
552.48594
673.85292
553.2701
550.95696
588.98687
524.06001
516.98613
516.14404
619.82203
614.11786
559.95107
545.70794
565.30094
592.25297
582.7992
519.98115
540.025
531.62098
542.37986
569.29803
520.96987
569.94605
533.06007
535.05588
557.01303
520.22195
521.83819
537.9889
535.20894
523.95606
517.14802
605.80087
570.72902
521.28696
556.35715
525.62499
525.13814
527.00686
549.07012
516.82401
560.08601
531.19898
610.39019
599.76101
740.68308
524.98221
529.27399
530.75099
649.12891
523.32902
596.64702
524.84083
575.56701
538.74397
578.04203
536.00001
524.91903
516.00814
556.00286
519.97495
514.14394
516.06798
610.19897
640.90705
526.28589
519.71602
570.26005
587.71706
587.62193
519.09089
566.34092
530.05719
596.55905
660.918
616.67299
526.00384
514.74714
522.91512
539.04486
577.08907
514.17899
516.09612
515.10119
518.90588
514.23693
647.12715
553.66087
530.47609
523.57817
521.66796
561.30004
590.32702
519.56701
605.02005
671.0701
514.28199
517.89093
542.16003
517.77792
539.56699
578.43304
528.1651
571.45309
525.22087
552.51408
514.41002
545.26997
570.08696
514.148
514.74094
529.39701
631.75488
569.86403
517.11702
530.76291
516.74604
537.03594
555.67193
516.59799
517.64989
518.61
516.05296
533.11801
540.03692
635.65803
533.19812
530.056
569.64898
559.21197
578.56393
611.50193
545.295
557.71589
624.0201
557.57403
564.99195
554.322
544.59786
653.85509
561.30505
557.42502
579.92911
554.33488
598.8512
