501.72901
582.96895
513.942
529.00505
515.49911
517.50398
537.12606
514.51492
634.90009
559.9041
506.08802
583.78601
534.18708
540.97199
562.0389
504.7102
516.22605
498.05999
520.41888
525.22802
532.05514
518.23688
563.67493
522.42208
507.4718
534.28197
531.46815
502.5878
505.40996
505.49698
500.71812
509.72486
500.73099
505.67412
504.47106
527.0071
509.41014
531.41713
574.22686
509.30381
523.33403
514.66894
504.462
531.19493
501.12295
521.37709
508.13985
521.30604
626.04594
556.65612
686.36012
527.2119
541.92209
508.13007
570.822
561.13601
532.46498
513.33499
513.84783
503.42202
502.97213
497.68615
501.39618
515.05399
533.56385
547.91808
522.59588
503.58391
523.83208
502.59018
497.49017
503.53193
507.60198
518.56804
528.98216
510.42104
501.18899
503.79896
504.82702
528.20492
573.39215
503.57485
504.07004
500.98801
502.46286
500.04816
500.51594
522.82786
544.54017
572.56913
561.66506
501.37687
507.67899
504.51922
502.90179
509.95898
510.21004
500.7329
501.17707
540.48491
670.45307
531.20804
515.42687
589.93101
666.62502
509.29904
527.84801
499.72582
535.62713
503.66187
532.34005
505.2321
510.67495
501.07884
518.19706
501.472
513.58604
499.43995
503.71885
505.09
500.4859
593.48106
520.98489
505.09
502.21992
502.68698
505.10907
506.68502
501.54614
516.76702
503.69
523.82612
531.47101
608.639
511.82103
525.9831
515.30981
601.156
561.55419
505.62
570.15514
501.09291
498.60096
519.68789
520.92195
512.48288
630.92709
503.26896
553.94006
543.05005
672.18399
515.40899
587.68797
522.67408
516.08181
521.73615
501.32608
503.24607
503.31092
514.09698
516.90197
501.90783
516.09802
554.52681
537.34779
507.31397
562.00981
582.15404
501.9002
501.41382
513.15212
497.64919
503.31688
503.79801
503.10612
506.43897
503.35002
502.36201
502.21515
518.30602
515.589
503.304
501.69897
501.60813
516.74199
517.57908
509.29189
520.5729
505.11813
500.83899
504.35901
515.01989
500.66304
505.30005
524.93
531.93808
505.13601
508.40807
528.98407
538.39493
