796.11707
757.11298
763.84807
750.43201
770.03598
763.06796
797.24407
788.60092
743.48402
765.64407
807.65891
740.731
744.71903
768.26906
783.98585
1051.10502
737.86306
730.15594
755.85008
721.89808
730.43919
753.9649
780.67684
761.22808
780.72
811.03015
761.49416
763.86786
800.74215
770.44296
771.034
767.39788
792.69195
742.56086
783.05411
770.21408
759.86695
745.17798
737.59294
747.93792
771.04878
778.2712
858.30998
767.78102
764.13608
740.82589
726.69601
725.16203
711.65586
773.82708
1059.89814
739.29596
788.40899
773.62704
768.48888
788.69009
760.08892
776.26491
791.399
794.3871
780.689
778.10812
774.02091
785.61902
793.77794
825.95611
812.19792
751.36614
752.52485
791.31699
758.89206
778.91302
767.63582
841.06708
785.90584
748.13795
751.13702
755.34892
800.3931
797.14394
837.03995
786.03792
767.18712
765.99002
780.81799
771.13581
790.64298
742.7721
816.91504
747.7591
748.04783
771.9872
817.945
789.09302
771.67201
744.76409
743.6862
750.5188
600.52896
401.46494
474.99609
340.42096
325.57392
330.57308
346.48299
326.95794
324.4431
362.01692
369.05193
330.67393
345.70718
375.90218
385.13803
353.70398
325.26112
347.29385
324.20897
324.81813
326.07698
340.67392
331.55918
329.17881
352.05913
327.66223
324.3351
342.32402
322.93487
328.10616
343.38808
328.50385
360.57711
347.81599
324.76616
332.165
327.01707
324.90492
326.78199
340.72399
327.76499
330.42002
342.23199
337.29696
332.42011
392.29298
367.90705
357.18918
333.02283
353.92594
347.55898
378.89695
468.76001
332.92389
345.77918
325.57893
329.79202
327.06785
329.67615
332.587
324.76711
348.79589
327.44503
325.22082
336.26103
341.07804
325.09589
332.49903
344.22612
335.78897
350.14105
343.97411
377.38585
416.74995
363.58714
325.27089
328.08018
330.42097
326.57099
329.68903
349.69902
328.43089
325.92797
324.52798
327.66914
345.716
330.91903
325.82593
334.584
336.75981
325.1791
342.95893
333.92
333.1809
348.54102
325.07682
326.08008
340.2698
324.8322
325.66905
386.70087
372.18904
