457.18789
374.60709
368.16287
432.66296
375.01502
373.0309
384.341
373.65699
438.39598
393.84294
428.12896
423.70081
420.16315
404.23584
371.95516
399.96982
399.17016
443.94207
421.60797
407.758
385.50186
357.62095
397.03298
407.56607
443.59303
424.01695
388.37218
392.20619
406.72684
382.9031
401.65496
385.48493
421.14592
433.39992
390.63406
445.64199
384.88293
385.04386
389.28103
379.00782
412.33706
408.57697
452.51703
793.08891
428.42793
441.27607
500.92506
431.94008
386.99698
479.82216
553.45583
419.72399
398.02623
431.16713
455.08695
425.86803
760.36191
773.67592
381.61421
407.2752
402.79388
425.62604
379.15921
432.50012
412.75191
427.82307
464.66589
382.14707
421.02003
359.17592
358.78801
420.87388
388.55314
393.61596
423.52486
425.61316
454.88286
394.39702
445.12391
479.73108
519.94705
409.16681
429.97408
456.75087
444.23795
483.94394
462.75902
457.48186
450.75011
520.45584
512.43114
478.7569
425.25291
397.75109
447.227
414.62302
493.62898
416.38899
489.49409
533.72478
645.45202
463.45496
412.78195
454.09012
428.91884
469.21396
400.26903
419.37399
360.70609
413.6219
346.41099
402.98796
423.44594
359.75099
377.92206
391.38079
355.59893
388.95416
392.93218
378.052
412.75501
344.04898
366.54902
368.27803
421.15283
384.37104
359.17902
362.42104
382.74884
410.532
432.63197
379.3931
382.39408
420.28689
388.52406
386.29103
398.37885
388.78703
412.89592
395.0069
423.50006
357.9669
362.68091
383.3251
349.05005
350.69203
382.00998
358.1059
369.67206
443.52317
554.94499
430.76897
407.07088
400.00796
381.89816
447.97897
387.30907
743.63899
393.01085
383.05306
392.97295
365.01598
429.20995
367.76495
379.01092
393.92996
386.46793
463.52291
432.01089
468.01615
463.01389
432.32107
425.83108
453.12214
504.75287
477.9861
441.04695
478.90592
517.21692
454.34594
467.50093
485.07214
483.9859
456.13003
443.89009
433.06494
460.92892
397.42303
411.08799
418.60604
420.45808
479.53606
496.04988
459.02514
517.97891
505.11289
502.04015
497.9589
427.11997
450.03009
