367.18321
360.641
377.00582
359.29108
359.92503
357.9371
358.91318
372.53594
358.92081
361.0301
361.55105
360.37993
360.17299
358.042
367.42401
362.92696
361.43804
357.00011
358.17885
358.70409
360.40807
360.27002
359.44605
360.76999
361.03415
359.94005
360.90088
362.27798
358.54292
362.32805
369.7629
358.922
360.16893
362.04386
358.17599
359.66992
359.39002
360.677
371.16599
361.67002
360.26001
359.85994
358.86192
373.70706
358.66189
358.65092
356.26698
357.73587
361.18603
402.67015
511.73782
362.41603
359.28202
359.67708
361.02486
360.20899
359.03811
358.30092
359.52902
360.01015
366.83607
360.66604
367.50817
360.08501
358.04105
360.62002
359.67898
357.934
360.03804
357.83887
359.75218
358.65307
360.06904
369.15398
359.05409
360.26597
357.16891
358.54006
359.07888
360.78095
362.5381
358.25396
360.18419
361.08804
359.37905
374.71795
357.11288
358.922
360.955
360.54206
360.25119
361.92822
359.43794
359.50685
357.19299
361.15789
360.322
359.50398
360.16202
399.827
506.95205
370.63003
359.16114
359.85398
362.28204
358.00004
364.77399
358.42991
357.82814
360.38899
358.92797
360.15892
359.54094
358.7079
358.40201
359.04598
359.42388
361.41205
362.64682
359.91716
358.77514
369.21191
361.43303
381.82712
362.43892
360.90279
373.57593
358.0029
358.17719
357.34415
359.61699
360.38184
359.41887
362.58006
358.87408
365.57794
363.14821
359.03883
366.19115
373.73209
377.07591
377.52295
378.49903
373.56997
372.23601
377.30503
374.67098
369.14897
373.30794
407.45711
524.88279
367.64598
366.50991
369.91501
367.17391
386.92498
371.30189
372.10584
376.07813
380.0261
373.2729
372.3948
372.15686
382.53999
376.80888
377.87604
372.44105
374.23897
376.791
377.19321
375.02599
380.89991
375.90098
374.03297
373.52395
375.63491
380.91707
376.05214
374.78304
376.07884
375.38505
373.137
374.68886
375.6299
376.89519
370.2569
364.07804
378.74508
371.4292
367.03205
369.18187
368.41202
376.24979
378.06392
378.27706
389.23097
376.95813
373.13795
373.79503
415.92884
