384.84192
374.87292
378.00503
379.7071
377.48313
407.75204
380.80382
373.92092
377.37298
383.286
377.05708
392.63797
375.05698
380.36919
374.30096
372.51115
389.52589
375.2811
377.52104
377.78997
388.13901
377.69413
378.24798
378.29685
380.17178
380.35989
400.82598
387.48097
377.30289
404.01387
378.38483
374.41516
382.03096
380.54419
375.916
387.03108
377.88701
379.40383
379.37617
402.179
383.64005
386.03687
388.52501
382.13992
377.81
378.15118
376.49202
383.68106
385.78486
424.088
535.75516
389.62007
463.96494
399.25194
408.17904
375.78511
377.9211
387.12192
374.789
385.14686
378.88312
396.17395
375.74911
376.15395
376.04809
376.8239
383.37207
401.788
398.63706
375.90814
421.98801
379.02808
378.81398
374.49694
374.65382
384.30691
379.0431
380.38087
380.81288
379.7431
406.79288
375.89788
376.25003
376.81007
392.86304
409.41
378.79515
388.3009
376.48487
382.45916
378.61705
382.69591
374.70698
431.93793
374.1188
418.49113
399.92595
376.27101
423.39778
433.27498
551.26595
377.69318
377.99501
375.34189
374.21298
385.05507
399.50204
378.63779
389.29081
374.2938
392.87496
391.289
378.77893
419.75212
378.78799
387.38203
406.92306
379.52614
409.266
389.11796
376.79696
374.16005
374.80092
377.25306
376.05119
376.23477
421.80514
377.04587
403.11694
382.77793
378.79014
457.09491
377.29716
380.04684
403.74994
379.77695
414.01315
408.50091
375.80299
418.7429
382.66301
399.79005
391.51406
379.40192
377.71201
380.97811
376.00303
377.81692
383.35395
419.51609
523.35286
400.91705
390.97214
400.4159
398.51999
377.56801
411.60202
396.74687
375.53811
389.292
375.64707
379.64392
381.95395
382.37405
393.54706
392.39001
410.01892
377.66314
376.88303
426.89896
380.87082
376.14799
420.14194
374.53604
387.14695
444.73791
378.39508
400.18916
379.12107
377.91395
375.41103
378.28398
384.78017
377.50387
380.29504
377.80595
386.765
407.12094
389.534
389.02617
394.04202
402.89402
375.65804
372.64585
376.31702
386.61885
375.49996
373.56615
380.15604
450.63806
