358.93893
354.53486
368.51597
356.33516
355.33786
359.13181
356.99201
357.28097
357.66602
354.68698
355.37291
354.30598
354.09212
355.01814
360.0502
417.86313
359.96699
356.77314
361.80592
358.28996
356.29416
357.15103
354.30408
358.53195
353.94001
361.63616
354.79903
371.67883
358.54292
355.00884
353.55902
356.7028
356.25005
359.59792
359.26914
356.16684
353.90115
359.03001
356.4229
356.33707
353.66297
365.15808
355.78704
357.26094
357.24592
355.30806
382.87282
367.78498
354.91991
402.8821
506.22988
353.62101
354.68817
383.29697
356.87184
354.45809
355.93081
370.13912
354.05898
354.40516
355.40485
353.86109
356.75502
356.14991
355.19695
361.99999
363.45291
379.02999
356.18019
360.14605
355.90696
373.92211
354.68483
359.19404
353.62911
355.6869
357.25689
359.21907
355.51596
353.68586
356.93812
354.13289
355.21793
355.77893
356.92
368.08014
357.28884
355.87215
356.07481
354.88415
355.68285
357.67817
356.52614
357.03683
353.78599
356.33802
357.51796
357.30886
356.00615
399.74403
506.89793
361.66692
374.15504
354.79307
371.89698
355.443
355.67307
357.14912
352.70786
351.511
356.45819
353.36995
353.42598
355.09205
354.84004
355.34406
369.33684
355.01218
354.51698
356.20379
357.10812
354.60305
355.04603
356.90713
357.31697
356.76479
354.918
357.0478
357.21016
357.59997
370.06998
355.05009
374.63403
356.46391
356.92286
401.35598
355.77703
354.83789
357.29814
354.52914
360.26502
372.159
355.34501
357.77807
357.05519
356.67801
359.96294
356.34017
358.17599
399.05882
507.15494
358.0811
367.03491
356.40192
355.15404
354.20299
353.66321
357.42593
355.30305
364.66289
371.92297
355.04007
353.63507
355.60513
356.3509
356.43697
358.08492
358.56915
358.35886
356.34899
356.50086
357.10621
353.25289
357.40018
364.52103
356.60195
358.25396
354.31504
355.99589
355.79491
354.94995
357.162
358.06203
356.77385
355.27492
356.96912
354.78401
357.66315
372.17021
355.196
352.85711
355.12996
355.73387
355.69406
354.15602
355.26109
354.95591
355.28493
356.26507
406.29315
