556.71191
592.5591
540.90118
568.69984
581.54297
575.03605
512.959
517.19689
498.45219
523.42796
503.18313
549.77298
523.41104
519.73486
483.88505
484.74622
443.63189
578.79496
485.20613
441.1211
425.00806
445.60695
516.73603
481.97603
479.66504
501.98507
516.19196
516.13808
533.9098
554.2078
566.84303
550.86899
550.11201
578.8331
573.05503
531.16608
556.34689
578.66096
584.8
564.1458
593.05882
537.81295
571.39111
632.03192
544.66701
551.94402
548.68197
564.29195
641.65115
624.14813
758.94403
614.13002
544.15607
580.85704
592.98706
544.22402
542.57011
536.03888
515.59281
533.44584
488.58285
475.57521
484.74598
477.83613
489.12907
485.96001
478.59097
482.45311
513.33785
491.71901
508.09312
492.61498
508.17323
488.08312
533.705
471.98701
510.54192
476.65119
463.557
467.77081
487.957
464.71906
475.07501
472.03207
457.44395
467.14211
444.35406
445.29414
431.40602
460.22892
425.08507
429.461
427.04082
461.81583
444.50283
445.45197
447.32499
440.99617
435.69303
456.23112
587.69917
450.24395
475.95
449.6491
455.01995
463.67812
509.47905
502.70104
485.80194
484.00998
477.22006
496.08493
508.06904
476.60995
469.7299
459.74398
445.21594
475.51107
473.09518
485.13198
504.29702
499.21203
516.8221
535.19797
528.29003
575.99401
518.35394
489.76707
516.90412
496.53411
498.79003
487.26916
477.1328
475.43883
490.11803
491.66417
448.82202
455.84202
457.021
447.32904
431.12588
441.89119
456.49791
465.56997
457.40294
449.80788
495.75305
472.20802
491.05
496.86384
640.5251
531.64911
514.8201
492.75994
495.50319
505.33009
526.67904
528.0211
531.63505
488.04498
472.12481
490.70501
535.83193
469.30885
516.11114
546.17
500.02313
529.05107
501.55401
533.19383
534.06906
549.09301
526.18885
544.29483
463.85503
481.08578
487.61487
451.59078
447.03889
495.64719
482.99789
495.70489
491.14704
486.2082
484.70092
505.59402
530.5779
496.25015
488.82794
497.80488
488.87587
522.67408
495.22686
512.22396
511.09505
503.19791
522.57299
502.70295
489.37798
482.46789
