495.55683
496.9399
504.34899
511.82985
527.83799
521.30699
556.31185
549.79205
557.33919
556.33187
555.37391
560.74214
567.87086
601.40705
558.81596
530.95698
563.41505
561.78212
551.98908
549.77179
532.7251
552.67906
542.18006
550.57907
535.23111
549.40987
552.90604
545.19486
535.53414
538.49411
530.66897
545.44592
545.92204
521.44098
511.47294
545.29595
546.83805
549.03197
525.95806
567.04688
542.70411
573.42505
568.80999
564.13794
582.44801
605.54385
628.11399
596.94719
600.72708
569.0701
710.47306
595.04795
608.64782
643.62502
595.05677
590.01803
570.52922
592.57388
567.31391
620.61095
600.59714
602.45609
603.0519
582.88813
564.08596
565.88292
729.84695
553.32708
582.51286
511.44409
522.88008
561.92112
549.06392
552.42181
558.08711
531.5299
590.77191
557.95717
566.1602
584.9328
569.89312
596.57001
603.36995
597.31889
602.14114
639.39786
671.23199
610.78
593.26792
622.55812
592.77797
606.52399
635.64301
621.51098
635.26106
585.90293
594.16986
576.53904
574.19991
551.34892
727.50998
579.79798
554.55995
554.80695
575.31095
545.18318
528.57399
547.9219
564.20803
564.90302
570.03284
542.13214
601.69888
552.28305
564.50891
567.05999
577.98505
581.03704
554.91996
600.40808
597.53299
590.29412
624.66192
628.24202
573.03405
568.04609
587.91614
617.91015
625.76294
598.16313
607.33604
610.06904
627.18487
605.11398
585.40893
580.78885
644.87791
568.68601
591.01582
560.10795
563.5221
560.64701
564.31413
559.68904
550.03619
570.68706
603.16086
541.94117
584.01608
592.29398
679.37899
574.3928
577.93784
597.90087
602.53882
577.77691
593.17112
634.6519
649.11294
584.7671
571.93613
555.67694
559.56316
567.23499
538.92207
540.64608
559.36408
556.50306
692.34586
521.42406
508.73518
502.71297
530.092
498.33393
492.69605
488.47914
493.30902
492.97309
497.11299
490.82804
495.19014
485.97312
482.74803
488.06596
495.47291
522.55821
508.37183
524.69897
515.06901
506.05917
509.3329
524.07312
550.97508
529.08206
580.5161
548.1801
632.74097
565.20295
566.65587
573.27986
