424.45111
444.30494
475.02184
451.30491
425.67205
487.98609
475.57592
444.86499
459.44691
435.68301
460.46281
435.112
449.78213
465.487
447.07394
494.86303
503.34787
488.41906
463.92488
478.56998
473.71602
458.66799
443.95113
525.90704
431.05698
453.19891
443.56394
456.07686
468.35899
460.79898
448.44985
417.48905
446.82193
435.179
444.3779
454.6361
460.22701
432.46698
449.97811
433.26187
451.40409
439.82291
438.68208
425.96197
432.12914
445.12892
457.87191
471.10009
440.09995
435.79483
622.13302
484.83014
400.85506
450.16289
498.33298
581.93707
513.01599
457.3338
1435.53615
978.27888
429.0309
468.97697
478.61099
446.57493
443.39609
446.74802
442.765
452.89111
494.18497
478.69802
519.46115
468.48989
457.00908
489.32505
485.03184
455.56307
517.69495
510.85997
482.05614
539.36386
501.80316
519.98401
547.90616
491.99295
482.31077
475.01397
458.20713
424.41678
438.07602
438.00211
423.28191
443.49694
440.50312
486.58013
446.40183
462.69512
425.14586
416.72707
425.17304
443.02201
563.936
433.96711
442.97504
420.66288
426.60594
440.62209
718.35089
444.84401
452.96407
459.059
442.82389
457.79586
485.90398
480.66211
463.45401
428.86901
427.52409
487.48422
459.30386
462.81409
442.08407
460.09612
447.047
451.68281
440.42301
438.33303
422.13106
424.61705
504.34089
440.86409
455.616
435.79102
424.50309
411.99684
412.251
429.35491
461.15112
429.59309
425.80104
448.10891
433.24089
424.50595
413.75494
422.27602
498.60001
405.63393
418.015
406.37708
430.74393
547.31798
582.95703
486.19103
481.11582
437.00409
461.57718
493.23702
488.75904
495.67008
509.10115
495.22185
481.27198
470.65902
480.98803
519.82784
551.67007
485.16703
467.07582
501.05619
451.88594
472.84293
456.28786
454.41008
468.29486
467.82303
484.60507
441.2291
460.74104
459.24592
482.25999
445.58907
491.2219
490.062
464.60509
468.37711
1269.34791
558.09188
580.6129
500.89216
497.94292
467.29207
522.88604
480.25608
549.1569
530.9999
513.8061
474.63298
562.0358
566.81609
498.95
652.14586
