441.80512
457.32689
434.32403
512.887
466.2199
466.20607
458.18806
454.90503
475.842
451.88308
451.13206
506.7811
530.95412
499.22204
474.98107
532.97496
562.72602
603.06883
498.44384
558.56895
516.49117
564.25595
544.9121
538.60998
507.08413
565.41705
502.33793
510.4351
477.59604
498.96598
550.83394
491.19496
452.14105
474.69306
474.09797
475.60406
467.33999
463.38105
466.73918
445.00089
565.4068
470.8569
455.72591
475.64197
497.576
486.72915
500.82111
539.05988
498.10004
473.21105
606.02999
451.62988
506.19221
485.09884
485.61192
476.69697
534.59787
554.9221
519.92011
550.72999
519.76395
520.45298
511.28101
581.66194
511.19685
533.04482
460.96683
492.35392
471.45414
516.6049
551.41783
589.88595
491.90807
512.04705
473.47188
511.47509
452.34108
538.68318
442.61003
443.21799
534.48319
432.87611
428.47919
407.91893
428.50804
425.65107
419.60502
416.39495
414.13903
430.10998
387.2931
409.63292
390.75303
395.49899
406.55613
395.54691
407.969
404.78587
429.6
423.05708
549.16692
385.26797
383.79908
473.68217
396.69204
410.72893
378.05104
399.77407
390.26618
399.18804
396.58999
375.27514
371.30809
374.38107
375.91004
378.16787
371.13285
386.17706
388.98587
384.799
379.90594
400.40183
384.56416
384.8691
396.51895
382.56907
404.96707
379.29487
412.16302
611.20319
401.18814
441.48397
385.89811
409.73806
410.73489
407.372
423.00987
433.77805
450.85597
430.79591
650.43402
489.90703
468.19305
474.92099
474.20502
469.24114
481.80389
467.83996
479.95591
466.32314
1160.50911
503.93796
441.82205
458.18806
443.70794
440.59491
425.63295
424.98803
445.97387
408.42509
432.72614
422.01686
414.00099
395.63394
393.18514
411.82494
396.46912
413.35106
424.38412
428.29299
420.85409
428.97797
423.00701
509.14121
491.77599
476.86291
522.70007
499.59302
518.94999
493.82901
485.60214
478.369
443.82191
803.69997
486.71007
474.51115
539.92796
550.54402
531.18801
491.47701
568.41302
571.91706
573.57883
587.21089
548.79713
563.42912
499.94493
497.55692
532.95493
547.7109
