451.967
464.643
471.78793
487.13684
478.24383
497.79701
486.72414
472.83411
483.09803
469.55419
490.81302
460.59299
472.32413
523.34189
492.19489
470.48783
467.96918
478.47986
501.10698
524.31893
522.83216
505.94902
499.44711
530.4451
578.44996
583.61793
540.93194
516.72888
544.69585
574.38207
528.21898
531.94094
590.68608
553.65515
517.32206
557.32393
555.91798
574.03898
561.6951
533.66804
545.92705
561.56707
517.22693
558.676
535.93016
573.246
580.5738
554.81601
555.07016
571.01893
585.71696
539.92319
499.54104
552.94704
519.9461
506.20508
498.96908
542.07897
540.694
522.053
513.587
523.34309
497.52307
507.51591
519.06514
510.94699
530.19619
505.21803
506.8202
467.22603
466.74585
481.33397
489.8231
472.51987
488.29913
509.10306
462.10003
496.22416
511.32488
486.98997
493.95108
489.48789
492.46097
508.20303
456.45905
470.0191
477.72503
457.45015
472.88418
462.05401
478.01518
471.32802
457.38411
438.83991
804.33989
448.98915
470.58606
471.20905
474.74885
458.992
642.36116
499.92895
518.49604
500.31304
570.64509
564.641
543.90502
520.96915
504.68206
515.1031
513.17
548.82979
581.424
623.65007
578.00508
539.35599
582.66902
564.7459
618.9239
560.395
555.722
563.00187
568.0449
553.33018
562.33501
587.40306
542.02199
492.37704
495.29314
495.121
526.95799
487.82492
471.10605
456.22683
465.74903
469.21897
444.96894
431.62608
426.42021
424.97993
422.77002
429.36516
418.74385
420.856
422.90497
420.02511
425.11797
428.77603
417.87887
449.20588
565.94086
422.28317
422.95599
424.44801
436.84697
421.72313
423.88201
420.92204
418.83707
433.50697
418.64896
424.366
431.01597
429.88396
422.925
420.24899
413.67507
431.61392
418.61391
448.58718
456.97403
451.47204
460.63185
458.47082
504.10509
482.29814
493.855
534.45983
519.00792
491.16302
508.85987
463.79399
455.63698
482.81312
495.48101
485.7161
479.59495
521.90614
538.306
565.02295
547.42908
556.64396
557.59692
552.16002
513.47589
555.42302
555.17387
524.31393
563.9739
533.47087
