561.75184
507.96986
554.90589
469.85984
542.29116
513.99112
516.10112
493.61587
495.34202
450.34003
508.81696
507.98488
475.34084
446.64001
446.03205
447.77489
430.41301
430.65286
433.32791
424.06011
444.02194
468.09912
444.63897
449.0521
418.46895
438.70306
466.95113
478.99389
552.01721
472.10407
496.86384
541.34083
533.85019
526.75986
474.0231
477.11515
483.4609
587.69512
506.6011
496.25111
532.50408
508.64196
471.06791
469.73801
494.11988
475.10195
522.21394
482.17702
514.58597
550.29082
625.70691
573.08912
493.06989
516.82305
514.83798
498.14391
526.07799
516.42299
496.26493
551.45812
535.56204
517.57002
519.43898
508.93092
496.10996
462.71586
507.30395
487.88595
523.66996
550.91
694.29994
639.94718
604.91395
578.0921
622.99299
554.05498
678.52402
627.80094
611.07087
673.65003
625.99516
730.00789
649.47009
664.92796
698.05288
632.77197
690.0959
690.9368
628.06082
623.88897
746.08088
637.29692
562.29091
587.48198
469.09213
541.05401
522.22586
495.69893
519.07802
510.12993
644.85097
501.84917
486.17887
502.33889
503.71814
474.72906
469.70606
479.88415
449.29004
469.80786
468.10699
497.70403
477.88
508.16607
507.68185
514.74404
533.29802
534.2629
591.10618
530.056
576.03788
567.9431
543.27297
507.91693
506.90103
484.11202
477.80395
498.52204
469.58303
479.06995
473.20795
487.97393
455.23906
513.48114
453.47905
503.59607
514.99581
459.11407
473.54507
476.3968
451.98083
471.60816
446.37299
458.88805
451.23506
437.95109
452.35896
436.62691
473.99521
452.74115
596.30394
463.30905
450.73795
453.269
449.99003
455.58
450.5229
456.76613
438.52186
443.98308
461.67111
505.04684
457.93319
462.26096
486.92393
465.65914
443.21489
457.21698
437.24012
421.79489
433.83479
428.88618
407.30381
386.14893
393.75806
388.01098
387.90107
383.14986
384.04202
385.12278
383.27789
386.55496
380.79
384.98878
385.1769
384.01008
387.69102
383.23283
382.03788
384.23705
388.83114
382.89595
381.27899
385.62799
383.30889
383.78406
384.63306
381.38795
383.95596
424.55196
