482.54704
481.71902
476.40014
484.72285
567.27195
513.6528
505.99098
528.89299
484.13801
459.71084
503.70884
496.34719
478.35588
480.22199
415.75003
444.84401
438.99488
519.50002
464.32996
453.00007
527.54807
482.50103
437.09803
433.01487
410.89392
414.891
456.83408
476.38106
403.25689
427.86193
436.87105
470.23296
452.75307
417.87195
409.50108
398.79298
404.72794
453.14717
418.85114
420.05491
390.74397
401.38292
426.77212
459.87296
479.34103
454.03314
446.59615
428.10607
489.06016
496.48595
577.91901
422.472
432.99794
474.5121
425.74096
407.8939
460.72888
437.12783
476.84002
451.97582
459.87082
423.11692
474.365
452.85392
488.49392
538.445
463.21487
449.21899
514.87088
514.55688
542.05608
458.49395
435.49705
427.96993
548.45905
487.86497
496.31906
477.8409
545.73202
505.95403
451.98011
468.66703
570.58191
494.20094
494.62008
510.09703
500.8018
546.95296
543.47706
634.6159
625.11802
551.82791
507.53379
623.18301
491.93406
565.83905
584.24306
545.93492
505.84698
554.26192
698.18592
641.70098
522.09187
493.67499
546.53692
510.6461
506.02913
531.92592
532.70602
610.21209
557.07383
572.46709
620.48793
546.23294
594.00582
620.152
704.97894
547.75286
601.24612
525.63
551.17488
517.73
480.335
472.79596
519.42992
543.06602
540.44104
538.9359
537.01806
471.3769
504.58908
504.215
492.79213
544.38996
456.33388
525.83885
499.17817
474.22791
523.45204
544.1041
485.71801
557.77788
520.22815
484.08008
518.83006
498.37518
510.813
497.98107
474.94888
468.49394
668.99109
493.06393
497.37906
477.08988
479.82216
519.33908
439.38708
461.73811
556.41103
494.86899
643.47982
473.29617
505.45192
508.06594
504.18711
538.30886
465.343
583.67991
478.23906
439.76593
512.17198
458.37688
496.36221
483.46806
457.99017
517.4408
451.53689
443.89892
478.14608
436.99598
463.11188
478.76501
460.83903
487.08606
469.7001
506.09303
448.15803
533.20193
565.04607
546.96798
548.74611
493.88003
492.69605
508.48198
494.19808
461.62701
470.33286
448.84491
447.30616
454.2551
