379.83894
389.89902
378.95799
386.0321
412.95791
390.14006
380.87606
376.50585
377.882
383.96597
385.21791
375.67496
415.32898
380.61595
414.02411
381.042
381.89697
421.33093
382.88784
376.84107
378.96991
383.22687
382.7579
382.18999
409.98411
397.33696
405.85208
436.86604
426.15914
479.06017
501.91903
506.16002
501.14202
497.72382
484.25102
512.87293
494.28606
527.82011
539.78992
588.29904
584.81216
630.19109
665.80606
563.92908
568.25495
490.76891
469.51795
499.89891
505.64814
584.52582
677.13189
580.62983
514.853
586.54213
536.63492
557.31416
510.849
520.17403
497.20192
513.74102
522.81213
585.02603
484.63011
493.06822
502.85482
509.58896
580.03187
548.33198
588.78994
565.27901
553.77197
520.40195
534.88612
604.285
603.90711
565.68789
541.96405
549.18098
570.28317
546.32187
545.28713
494.37094
476.58706
432.72209
503.99399
449.09406
469.11597
473.26016
449.17488
470.62302
502.78211
436.57589
429.14414
429.20208
486.37199
447.59202
445.503
404.79302
438.33709
556.79607
651.17002
501.55592
448.63415
495.96691
506.58488
511.17516
471.138
487.59818
486.33695
482.21493
483.18911
466.03513
470.33095
449.25499
438.07101
458.89091
481.48179
496.96612
480.83091
506.248
498.70896
485.67295
537.59813
551.19491
508.8222
483.35195
527.93813
556.04506
544.08193
519.9852
503.27516
478.01304
483.20699
481.112
526.03412
448.26508
462.86297
457.23104
446.9552
465.62696
440.49597
501.35899
446.33389
480.49712
509.35888
512.57396
513.92889
538.18107
499.90702
593.03808
685.601
480.50308
526.77393
476.11094
690.36698
758.33392
767.19499
696.702
748.22092
787.15396
786.31997
809.81493
903.5821
813.80987
798.68698
821.24209
731.44794
764.45889
868.27207
749.93801
838.135
883.76093
477.53716
495.65983
527.07481
501.94001
506.88195
547.67895
545.45808
531.65984
464.36787
527.16708
515.33103
528.80406
533.62799
520.91813
514.34517
576.51305
580.62005
555.00984
547.81508
509.20486
533.19407
502.98786
610.502
614.19201
560.06503
631.52695
632.33805
620.57209
