501.55902
509.84907
502.91109
511.77192
510.41389
499.97211
509.30786
507.1218
600.37398
561.18393
530.53117
512.85291
510.92696
502.61497
501.70112
501.99604
584.52797
502.702
510.34808
499.722
506.69694
501.68991
506.30212
510.65397
499.91608
520.3321
498.703
512.23111
497.95103
514.43911
510.83803
513.18693
508.84104
521.73209
504.80795
509.61208
514.94813
561.12909
501.99294
536.57317
503.22008
579.00691
563.06982
537.93502
513.19098
610.27598
654.86813
589.67614
600.8811
595.81304
779.67596
691.48493
652.46391
723.51503
683.20704
681.62203
747.67804
674.39294
674.20697
697.84689
709.88798
708.20713
731.79793
716.61997
730.582
731.19307
809.42106
662.00399
643.38303
627.3489
629.15683
596.89093
602.72479
620.83983
569.78703
593.36805
533.58102
547.00398
578.61018
552.43897
553.31802
578.20582
615.38005
604.90298
612.23793
565.04512
577.43716
635.25796
627.04301
620.01801
654.70791
675.62604
630.18203
590.00087
615.67903
626.26791
612.88595
640.87915
641.8829
633.57496
758.03494
637.21704
643.14198
658.91409
739.93683
668.37096
691.61677
677.72603
720.62588
817.88611
685.22215
694.345
618.66283
671.87715
660.47382
658.355
691.86616
753.71313
775.35796
755.9011
747.43605
771.43288
776.45707
750.6609
840.77406
740.5889
762.94398
960.23297
792.27591
876.02401
1014.30202
936.9669
838.274
823.7679
769.30809
877.87294
763.32808
718.97292
752.9211
736.46998
672.3249
783.73098
657.6941
683.26688
709.34391
695.73998
722.84102
707.97992
652.89211
655.43509
764.21094
613.9369
628.97897
623.67511
649.966
595.08514
595.14499
603.53804
610.98504
595.15905
605.96085
650.71797
676.00894
695.3609
638.14497
648.88406
693.82811
627.4159
656.85511
622.36118
622.9229
729.93994
732.59211
688.76195
723.20294
626.02806
702.82602
644.26589
723.70219
657.52101
672.58286
670.98212
622.02477
604.94018
611.62305
604.40922
638.03196
572.55006
573.19093
612.86592
610.41307
579.01692
566.69307
600.50607
607.80096
549.06988
549.72196
528.52702
541.67295
555.36103
