711.35521
747.91288
758.07595
735.79907
734.22813
713.0909
713.95087
733.68692
671.26083
699.35799
693.69411
745.33677
739.97808
688.85994
645.87307
695.08696
681.48398
711.69591
707.47185
746.82999
713.11808
693.326
666.76807
656.36897
664.08896
736.58395
747.21313
772.17793
757.9422
790.05599
761.69801
802.27494
723.42801
786.07678
778.31793
712.99005
772.49193
762.94899
724.62606
829.51498
852.64683
853.35302
835.27303
745.97311
768.04805
784.53493
789.1922
828.04203
737.68806
872.3762
931.37193
836.22193
798.41304
868.54291
852.61798
845.50381
864.4321
784.14512
821.90299
726.69101
775.82383
847.75901
856.67706
761.89613
845.02101
783.8099
845.52598
838.41705
785.99215
794.19208
1016.94798
889.33587
829.13399
780.72
851.8579
854.14696
873.39711
832.99398
959.97596
830.28984
800.89283
799.52288
815.79804
822.05296
794.14511
834.57494
745.6851
732.66602
681.73003
699.47219
695.07289
664.011
642.4489
664.03604
634.79304
629.50611
701.06816
669.00492
667.74797
652.15111
844.12313
683.12097
737.83493
683.33602
658.12707
719.48099
679.82793
621.39201
677.18101
653.19109
672.74809
682.62601
690.43303
729.27213
714.30898
719.95306
765.0919
738.58285
786.66186
733.92987
691.34808
693.86411
816.05887
756.01888
733.51002
696.34104
758.94594
729.65884
728.369
729.2459
734.28106
730.5851
706.08592
721.71497
721.25006
778.332
788.08689
786.07583
721.43412
701.00093
711.061
826.55001
691.72907
687.63113
701.82896
766.26992
702.55709
700.52099
696.74397
674.45898
793.81108
633.23808
652.41098
675.58408
664.00003
643.10789
667.26899
704.88381
699.67508
730.44896
714.9961
679.11315
721.57192
695.12486
691.40601
712.70394
656.48508
642.12203
615.19408
647.69197
642.23909
628.24702
659.75213
670.00413
696.21587
699.10717
686.47099
689.08
684.88884
669.63983
714.54406
708.13608
671.10801
709.60188
711.57694
763.44013
741.34207
736.29904
815.52601
790.95101
753.31211
695.58096
739.07995
726.12214
737.93507
722.66293
728.11389
707.35192
725.98314
720.60299
