495.35584
496.13285
497.84112
491.92095
492.70892
493.13188
493.91413
490.96417
491.9591
492.70701
492.32697
491.20998
491.47391
492.56992
490.75484
491.956
492.19203
492.39993
500.7751
534.62195
495.18585
494.10915
491.23216
494.91191
507.83682
1066.396
491.32609
531.56805
494.35306
492.99502
491.956
491.79792
489.63404
501.69396
490.82303
513.57293
491.82415
511.74402
494.30704
514.08601
491.92595
503.74389
494.70901
513.32998
495.97788
507.73692
493.20292
511.29103
495.51392
554.52394
641.01791
489.32385
491.3578
492.57708
493.86692
491.13917
491.87899
496.20318
533.29921
496.70482
501.6129
503.407
493.94393
493.20602
555.63211
496.7041
495.85915
492.95807
491.678
497.61796
526.80588
493.21198
490.86785
493.8271
501.35398
491.56189
494.97008
490.46803
491.70804
489.37488
493.07084
489.72201
491.71901
499.11404
490.91506
494.46106
495.02206
490.91005
532.70006
514.575
539.60013
494.57002
493.11304
494.06719
489.3229
492.22302
498.00682
493.56198
1491.90998
548.98596
648.45896
494.72904
492.10691
491.24098
501.67298
493.06393
489.95996
494.57121
492.96999
509.99618
492.54799
493.89195
491.69111
494.23194
573.88282
492.21492
494.70305
493.87479
493.06703
496.12689
499.68004
492.77711
492.98215
493.41607
491.87088
494.14611
495.435
492.88297
495.69607
491.85395
525.32005
495.10407
493.92414
495.89705
494.45415
492.81311
492.36894
522.93181
548.44189
505.43189
495.368
495.46289
492.85603
494.82203
500.10204
493.81804
490.453
491.09197
495.60308
541.55111
641.51597
492.71894
494.596
492.58614
492.84005
523.12899
501.01995
494.43102
490.01503
608.26612
490.23008
496.30189
556.0708
494.35806
491.57214
539.44206
492.55514
586.17783
491.85491
491.57691
490.63706
491.19782
494.51399
492.43212
496.22297
489.95805
511.28197
491.46605
503.36599
491.35399
489.3229
493.46614
492.71202
494.00401
494.31515
491.93597
493.87193
491.80293
511.00206
494.95316
507.94005
491.47701
513.93604
494.62295
581.774
490.60607
495.60595
493.0799
496.03486
537.63199
