1085.24704
1026.85213
882.74908
883.66318
782.90415
801.67007
785.54678
835.13093
806.82087
722.21994
800.7679
816.76888
745.44692
674.23415
692.74497
736.44304
734.07698
659.41691
594.25187
675.36998
662.84299
649.13487
641.89816
691.48088
645.23888
707.17692
695.09292
765.00702
678.3421
652.48108
755.84197
703.73702
678.32112
721.47107
681.88
637.85791
641.02912
678.23291
681.62203
744.08603
775.25711
855.54814
725.54493
755.71012
731.33016
730.09396
737.93292
754.95601
710.46805
869.63105
1008.65698
1030.31707
1021.6341
1060.92596
1075.64282
1258.02183
1021.67797
1088.77492
1158.17595
1086.62701
1054.01897
1011.80291
1002.95305
1524.31202
1103.79481
985.83698
928.58505
904.62303
870.36204
774.91093
768.59307
771.18421
803.42197
818.14599
791.29314
793.30111
812.01601
761.09314
717.95917
668.23387
658.45203
580.18088
605.4039
628.90601
644.3758
630.14698
593.82796
576.85685
596.30203
574.4071
597.29004
568.43495
563.41505
598.14906
567.29698
584.02205
616.92309
639.88996
624.88103
649.67012
782.49311
635.87308
612.79488
613.48486
623.0619
577.02684
571.82884
596.15397
614.63022
568.29286
589.67304
684.70788
719.22088
706.66599
650.47598
729.08497
659.45411
705.73616
716.31598
725.44098
771.84892
790.79294
886.88016
802.53601
1021.93403
953.54795
1077.79193
912.19902
912.35495
1002.16699
938.70497
1011.85203
923.68793
858.79111
920.34507
946.21801
835.26421
698.94004
721.35592
707.58295
686.17511
643.83602
637.88581
579.16307
587.19206
578.12619
583.89115
603.40285
592.94486
596.62008
757.85708
580.65486
579.0422
582.41391
588.41801
533.813
527.951
579.79393
573.42601
590.18397
572.18695
611.85598
601.794
603.00207
566.65587
575.17695
560.06598
560.15801
580.77216
572.80493
571.77401
607.98001
595.38794
585.90388
594.40899
549.02196
587.672
552.809
544.2059
550.81201
554.039
536.18407
572.29209
604.15792
592.28992
620.78309
593.40906
638.134
609.04098
577.66819
559.92484
537.62484
535.91299
618.97898
597.03708
582.04603
627.65193
686.47099
697.63708
710.00004
