353.17111
362.45108
345.41798
349.53213
352.40793
353.87802
386.03902
354.23398
354.79093
365.15403
357.69391
358.78205
379.39501
350.29197
349.85614
352.16999
344.92993
342.23485
345.95108
354.03299
342.56005
354.0051
350.32892
356.9212
351.69697
351.04394
365.00883
383.79407
382.15208
393.924
402.76003
354.39396
360.82816
354.17986
358.11019
362.08296
360.78501
357.76806
359.1888
357.93805
357.27501
346.08293
365.51094
349.02906
356.08506
367.01989
351.28593
349.80893
358.65307
376.52707
500.99397
350.37804
364.33387
353.3771
363.42883
403.17702
372.13302
347.06211
355.78609
368.05701
357.28097
370.51105
382.1969
378.91197
412.97507
389.03403
397.77803
380.44715
418.9949
365.99517
366.59598
354.27403
347.77308
349.15709
350.70014
359.03096
359.18593
363.51204
376.58381
352.93007
352.81897
350.02303
361.40895
401.0911
378.4039
373.91496
404.16789
381.88386
416.27097
403.76592
417.24014
515.7311
436.01012
429.71182
463.3801
493.76702
466.06088
436.75113
437.60085
411.34095
570.2579
442.24215
418.48588
405.51805
404.44183
428.12681
415.08985
396.27218
393.92805
433.85792
389.88805
392.40789
372.27297
389.27913
394.44089
384.64189
365.24582
392.77697
387.29382
436.63812
442.38687
448.60792
466.96901
457.3791
455.12486
432.86109
468.45889
466.74991
488.7321
618.62206
585.67405
619.42792
578.88603
573.282
578.43399
630.40304
656.11005
709.63907
817.7681
746.44399
680.1219
804.6391
849.04909
791.48197
794.96503
771.14892
828.41086
824.78595
813.39478
742.44404
822.28088
696.73681
711.81703
623.44193
574.92304
573.37213
550.82989
566.293
604.80404
533.53906
469.61212
511.18302
546.18716
574.46003
537.75883
529.13284
472.42594
606.90713
489.96592
593.66012
478.63507
528.82409
605.6211
457.48401
493.45303
540.10105
461.11608
472.35513
447.48497
463.11402
466.60209
425.14205
442.81101
453.16792
435.32896
446.89202
418.14494
411.73601
455.39284
420.6059
455.35707
461.49015
487.50806
444.81492
427.87385
404.17099
441.57791
432.67894
430.01604
516.74891
