463.55295
512.11691
482.06687
430.9721
474.9341
496.26613
476.43709
460.37102
454.98013
483.48999
455.61099
481.56118
438.36689
461.10988
446.40398
491.05382
497.8869
501.333
495.56708
499.94922
466.71224
514.88781
463.96685
464.45799
464.25796
433.60806
456.11405
429.636
447.335
427.02293
433.34818
407.31192
502.44904
433.45404
437.26277
491.86397
542.29188
452.86894
478.11484
464.57791
434.28302
389.67681
384.73511
383.30102
360.43406
424.20793
385.94604
407.57179
427.77181
435.45485
533.76818
364.85291
371.80781
375.06199
367.99002
389.90998
373.53492
372.56217
376.25003
386.63101
418.14494
394.55295
397.73297
391.77513
387.51793
372.41101
382.30991
386.5099
378.31402
385.72884
375.92411
410.13098
406.48794
399.43695
443.12811
409.02305
442.23309
398.26107
407.35507
413.78093
421.0031
397.28904
406.26907
411.25011
414.48808
435.41312
440.84406
417.13905
433.87389
419.11697
439.4021
449.81909
539.71004
489.21204
461.88116
525.94805
462.37516
488.06
471.26794
464.96511
651.60704
471.09294
439.75806
451.87712
451.48396
432.35517
482.759
477.28705
476.28999
498.05307
512.24804
488.96313
500.6969
450.34385
498.94285
474.65014
426.71204
435.36997
481.61793
473.87099
594.64693
463.46712
468.59002
464.37693
471.34495
470.36886
453.11499
450.62494
428.47085
437.15692
486.92918
528.60403
493.07299
474.09797
570.94002
486.72605
547.78314
488.97099
477.35381
435.23908
503.95608
463.86003
419.029
428.70903
433.02107
455.66201
436.2421
452.4641
443.83812
476.11618
613.51609
466.08996
501.95503
466.28404
462.44693
496.21201
487.71691
483.99115
446.46788
443.86601
457.84807
429.63505
425.915
465.85894
488.08908
502.18916
415.39288
439.24999
537.80103
513.237
532.87816
455.12295
492.90705
469.65098
439.28695
444.98301
461.78317
424.79992
454.53882
407.12118
402.79102
401.6149
432.36208
422.93119
450.47903
427.2151
411.05795
413.98001
388.63301
413.78093
395.62488
389.94217
405.74598
426.3761
422.12892
460.62589
419.21616
436.77402
427.76585
421.39006
