233
274
217
272
237
245
246
236
262
246
249
264
249
268
239
227
342
248
258
214
250
260
256
235
293
259
279
272
293
316
301
272
265
254
280
236
272
268
248
270
255
285
290
269
253
272
269
269
267
270
266
254
260
249
264
293
269
269
257
232
262
235
259
239
256
257
260
251
276
251
272
271
223
267
252
271
269
271
274
234
239
219
222
223
270
224
255
263
279
270
272
214
253
249
268
270
260
273
234
242
241
236
240
217
273
231
273
267
267
270
273
278
256
216
247
230
269
253
249
270
271
250
254
268
258
229
251
252
251
279
253
268
273
260
255
272
269
263
252
261
258
259
272
273
250
253
262
264
255
243
217
268
262
262
264
262
261
242
243
216
263
238
239
275
257
285
265
261
248
284
229
304
247
254
291
280
271
266
273
275
227
229
222
276
231
253
258
229
445
240
332
240
264
297
266
218
216
263
266
237
