226
182
232
219
238
204
206
236
236
203
229
281
203
199
244
224
205
180
235
213
235
231
233
255
216
219
201
274
259
220
198
210
210
182
203
232
238
268
236
240
234
225
215
231
233
234
183
246
186
233
194
233
183
194
179
220
206
202
187
215
228
232
255
187
223
215
236
233
185
191
228
232
212
242
219
234
215
233
210
202
194
233
232
221
226
208
201
228
205
227
223
227
234
208
261
202
236
221
228
204
226
228
179
182
195
179
212
176
201
222
205
246
177
238
209
214
180
216
210
205
208
182
234
242
214
222
203
208
226
235
237
233
236
213
234
219
211
181
233
231
206
232
238
224
229
234
235
236
233
245
240
236
226
198
201
203
232
194
215
194
225
248
191
196
208
178
210
227
243
225
210
271
216
231
233
221
235
237
216
211
234
217
191
227
250
192
244
188
232
230
240
234
220
205
206
229
219
196
236
235
