253
461
293
309
507
378
325
344
299
297
283
275
298
271
348
259
282
281
463
311
297
264
356
294
291
314
342
279
312
512
303
270
366
326
402
293
301
408
282
380
301
282
283
300
274
358
356
333
359
323
316
313
333
374
293
321
336
324
300
437
339
295
294
348
299
299
320
297
278
334
448
264
287
311
303
295
289
281
490
298
474
361
312
491
293
273
279
491
287
299
322
282
305
327
298
437
272
402
301
303
431
299
296
547
355
258
338
280
293
290
286
268
243
325
274
333
285
302
297
289
322
266
280
309
278
374
261
397
286
326
257
292
267
286
282
270
297
275
362
297
268
437
270
287
297
371
352
273
292
292
355
295
307
291
292
450
288
315
237
416
245
268
277
406
310
273
333
309
261
314
362
244
277
520
273
253
260
288
257
286
269
367
279
298
559
327
335
424
284
284
296
281
285
275
434
270
288
