211
221
168
178
208
194
233
225
229
222
213
234
211
229
202
220
228
231
202
195
222
186
230
225
213
222
230
198
207
229
219
196
205
209
203
213
219
233
215
193
172
203
231
209
216
274
217
194
180
190
176
214
198
180
217
293
202
182
223
221
173
173
209
220
222
208
169
210
201
208
250
203
195
218
260
243
233
241
229
226
226
205
184
223
232
225
233
216
213
239
214
227
264
219
236
236
268
257
222
185
178
234
202
180
208
172
194
195
185
175
186
252
219
245
250
212
210
220
214
227
226
206
221
233
231
212
201
196
223
229
191
199
231
181
255
191
241
264
200
265
227
247
240
213
270
229
211
244
229
219
272
175
206
193
175
185
176
225
193
180
192
182
234
195
178
257
228
219
212
264
256
301
244
253
230
273
192
225
225
243
226
223
212
198
258
210
229
238
177
244
196
220
185
198
204
171
228
229
228
187
