286
270
273
268
221
280
260
274
241
271
307
265
247
215
266
246
231
274
222
245
249
224
266
262
283
251
270
232
284
272
271
253
277
276
232
274
262
275
224
271
264
250
264
263
252
268
258
266
265
243
260
264
246
264
257
222
283
268
269
273
263
265
242
269
273
261
274
273
266
261
239
245
256
268
241
270
269
267
260
255
269
272
250
273
270
257
278
273
276
261
272
274
241
243
219
275
228
257
258
224
360
324
283
260
262
255
263
224
255
267
218
268
245
259
255
230
230
275
250
275
273
265
258
234
270
234
259
250
284
245
233
284
275
276
247
267
274
274
276
276
271
271
275
260
248
273
243
250
252
273
266
272
274
276
264
241
271
258
277
303
278
254
256
261
259
237
266
219
289
250
278
271
258
254
309
233
244
262
231
243
275
253
284
275
254
222
245
276
254
272
273
302
264
263
278
275
264
281
292
288
