195
154
195
158
129
167
133
203
168
114
139
124
150
174
152
165
126
174
114
118
151
131
160
150
179
152
150
117
136
134
241
160
148
174
144
164
160
197
150
154
145
166
172
226
132
176
168
168
161
171
164
176
167
113
148
178
165
163
170
168
163
165
166
199
170
168
151
167
164
177
170
161
148
133
167
135
166
154
171
112
186
139
109
209
163
143
127
151
164
149
166
156
172
146
142
130
163
147
172
168
160
171
142
158
144
169
199
164
148
167
161
169
165
176
170
164
116
147
168
145
170
120
165
128
144
168
167
156
153
146
111
119
112
113
159
118
194
209
171
217
149
147
187
174
156
155
139
153
139
150
149
167
161
141
116
114
145
164
135
119
156
138
117
139
125
144
159
138
163
135
140
150
170
161
155
163
135
133
114
166
140
140
147
161
157
157
169
168
150
156
163
140
192
144
160
156
141
131
123
150
