224
238
238
235
198
244
191
239
241
241
240
237
241
208
240
238
239
227
220
225
235
239
223
234
221
238
222
237
192
238
236
185
244
235
237
219
231
232
244
225
216
232
240
238
234
208
242
237
244
221
237
224
243
242
244
222
241
222
212
234
235
234
240
238
238
231
236
235
242
234
229
249
229
242
237
229
241
226
246
241
237
241
240
240
239
240
246
240
224
221
238
238
239
241
227
240
213
211
224
199
198
226
234
215
223
241
247
201
234
243
246
244
217
223
249
233
199
218
224
215
234
198
242
244
229
239
229
246
213
244
234
247
230
245
227
226
201
232
233
225
225
191
245
215
188
227
200
209
211
186
222
211
191
183
224
217
228
229
226
234
232
243
232
222
238
238
240
234
223
240
238
235
234
233
237
203
207
233
229
225
245
240
242
218
236
216
235
239
240
241
233
240
191
239
221
219
237
223
241
237
