195
182
235
231
182
208
216
220
224
216
175
226
184
234
213
207
212
233
235
211
227
220
215
188
250
200
222
241
187
214
297
228
191
227
201
196
289
216
213
221
280
263
221
192
190
221
187
185
202
214
219
195
197
231
181
212
215
198
221
202
306
237
231
229
246
245
237
217
212
209
208
190
222
229
204
221
210
191
266
238
228
205
239
212
225
217
183
235
220
197
188
265
232
230
252
215
228
192
276
185
238
218
196
206
240
233
181
185
238
249
210
248
241
211
231
213
246
217
197
215
180
228
198
214
273
234
265
186
236
225
208
207
228
233
236
270
174
202
199
223
235
202
204
209
229
211
212
218
236
234
240
213
231
215
202
222
225
221
218
200
240
202
223
197
198
250
219
261
198
259
236
245
237
213
236
245
213
204
278
209
215
226
221
199
205
221
220
257
287
217
197
207
229
226
232
219
231
222
239
240
