303
325
317
318
323
282
327
302
326
298
303
316
314
271
307
319
301
285
323
323
310
310
328
321
316
322
298
317
315
314
315
326
295
318
291
304
299
332
314
325
267
309
319
310
318
319
321
327
305
317
335
316
306
320
323
320
349
300
294
321
298
288
323
309
293
292
330
297
316
320
329
315
320
300
304
273
284
279
303
281
279
277
294
270
350
297
310
315
302
363
286
429
309
284
349
268
323
272
319
306
325
288
329
297
310
317
305
314
304
323
320
303
300
313
326
323
348
283
289
286
280
318
288
271
312
311
279
308
291
311
318
328
310
295
310
329
297
295
271
316
285
313
328
334
300
285
314
266
317
302
300
267
303
302
311
281
291
290
318
290
314
313
305
279
324
285
308
303
318
305
311
323
362
302
383
314
300
313
287
312
305
308
306
320
328
306
295
315
287
309
320
321
304
306
301
334
343
297
320
316
