269
226
234
308
260
274
257
253
260
259
254
256
262
270
271
267
275
279
248
262
268
263
267
300
272
253
239
268
228
271
249
224
212
223
297
219
231
260
265
259
254
251
258
214
279
257
274
241
271
256
277
271
271
264
241
246
252
294
223
269
273
257
248
253
257
272
263
261
257
260
232
266
307
225
248
255
255
261
252
251
267
265
258
265
311
272
241
227
216
266
263
266
238
267
274
269
261
241
275
273
276
273
268
273
273
252
264
272
257
268
267
275
269
275
251
254
238
271
237
265
277
254
261
275
226
269
245
266
263
267
251
270
267
264
271
256
224
272
247
249
264
252
258
268
249
271
228
249
224
282
262
220
245
262
249
234
222
263
266
260
263
252
263
268
273
262
266
270
274
256
260
264
264
233
252
260
257
261
269
260
266
244
273
264
252
237
269
254
268
274
234
269
265
267
270
254
283
