202
235
197
246
210
245
242
233
284
264
241
230
231
224
222
255
198
251
238
245
250
245
247
209
251
236
219
247
226
246
238
238
247
224
215
246
247
232
234
244
194
227
242
203
195
221
213
225
193
227
279
260
297
247
251
248
262
218
267
247
217
239
222
243
233
256
229
252
213
267
197
231
236
244
242
186
228
250
231
247
245
232
215
237
233
241
224
241
224
224
233
247
222
210
248
235
236
196
236
226
251
190
262
234
246
240
227
227
240
225
223
242
215
199
239
227
210
187
220
235
237
245
240
249
278
233
226
236
194
250
240
246
244
230
242
228
246
219
257
250
246
240
245
241
218
231
226
247
246
226
248
245
237
241
217
244
241
243
242
247
205
253
220
219
229
238
248
240
243
259
246
232
250
272
250
251
208
261
213
245
243
245
246
246
240
241
243
213
238
228
274
243
