104
109
132
173
117
149
146
148
134
151
159
155
151
163
133
153
157
128
120
130
154
142
126
158
129
139
137
147
121
149
133
153
155
99
157
144
124
102
162
142
188
116
206
147
115
128
144
133
126
136
130
139
152
124
108
134
136
104
135
162
122
138
141
153
139
147
128
107
125
143
136
117
151
150
111
141
151
156
122
158
117
147
159
116
141
153
153
132
130
154
155
166
133
148
152
149
152
154
178
146
150
147
156
140
154
138
105
152
136
141
159
151
151
156
144
132
159
151
132
155
147
154
153
150
154
194
133
144
154
151
134
129
136
118
153
154
164
152
150
131
155
151
130
153
148
130
155
192
135
151
153
147
153
151
152
153
124
153
129
194
136
148
150
155
152
152
150
136
153
138
123
171
149
168
148
149
151
151
155
147
131
133
157
150
151
148
171
155
120
153
150
149
154
134
143
150
109
150
149
146
