309.74603
315.67502
358.02889
310.20212
317.69681
315.29903
320.74189
311.40304
316.8509
342.89098
311.57589
313.42006
331.83694
329.42104
313.60602
354.28405
316.28799
313.55
338.46593
322.76607
350.30317
332.587
310.18591
323.79603
337.47697
310.43887
319.85283
317.85202
329.81205
322.09897
349.087
351.06301
320.76192
323.15612
327.8048
321.0392
344.31219
325.6259
317.21497
319.87786
338.40704
328.77207
323.7958
329.92005
355.03888
334.92398
328.866
314.30197
339.31494
351.69506
557.86109
319.08894
313.14802
329.03194
364.71605
315.06419
319.93294
344.34605
313.797
312.89911
322.10302
320.12391
334.84292
322.927
310.12511
316.15114
315.81998
310.96578
321.92993
345.30091
374.00007
325.93012
316.1149
322.91794
312.94584
340.07001
326.17211
385.94699
408.8521
322.91198
317.065
349.20216
321.21682
315.06801
363.72709
316.03599
311.15603
319.79799
318.03393
315.24801
319.78703
310.95791
316.90097
325.18506
316.83493
315.20414
348.08302
312.14809
316.73908
349.18094
531.63004
316.03312
348.25897
320.0891
309.79705
313.54499
311.49602
315.24706
312.80589
310.30393
308.70819
331.27904
313.68613
312.95705
317.05308
328.91202
317.29603
328.2342
339.00189
318.76397
325.46306
342.24486
332.17907
331.02012
358.17504
369.66109
435.81414
386.11817
378.05295
387.115
382.92313
363.96194
361.26184
376.85204
387.78591
360.66198
355.85809
409.06096
364.36009
359.58385
388.0291
414.84094
392.12203
413.97691
389.15992
380.64504
403.66507
385.48398
386.67893
445.08791
689.93902
428.94983
411.84211
433.62188
467.25392
460.26516
535.61091
436.9719
478.8301
449.47791
429.57807
423.44308
498.68798
435.92501
411.24487
421.6671
407.84097
413.764
392.21001
366.59884
357.2042
397.02106
370.86391
387.62903
380.49603
383.59904
369.61293
359.07817
385.49209
369.06695
396.29102
366.93811
433.918
441.64586
433.25615
436.86581
403.05114
483.54197
420.82095
405.96604
388.47899
386.68799
398.13304
378.93081
405.06816
483.94918
400.48981
400.96116
383.08692
448.79198
