181
185
183
195
188
224
179
192
190
188
226
178
212
204
199
200
163
168
168
320
209
199
169
170
176
200
189
172
171
192
191
171
196
179
176
174
172
190
192
203
176
173
176
171
182
198
175
167
179
173
178
186
231
228
175
173
178
172
168
171
176
186
173
176
183
172
181
189
185
183
173
206
177
184
177
182
174
178
171
184
186
177
182
175
175
186
171
173
191
173
176
175
182
178
176
181
212
181
204
214
185
178
182
198
204
206
194
179
180
208
179
233
179
178
198
200
195
181
196
196
200
189
214
251
183
207
203
209
188
205
258
238
177
179
183
215
191
190
197
235
207
176
186
194
214
190
221
198
215
196
216
178
210
200
179
180
181
189
191
228
185
216
191
182
178
189
193
206
214
175
178
182
203
181
200
190
229
210
182
237
208
223
241
188
221
190
177
203
180
183
229
224
190
183
185
187
185
223
193
184
