191
183
204
191
209
180
211
191
195
186
178
191
183
223
184
207
192
186
202
202
215
184
209
209
166
184
167
332
193
243
196
174
176
215
179
189
193
230
182
184
178
199
176
181
195
179
192
188
172
198
184
206
180
219
193
192
200
187
179
213
176
178
192
177
179
181
175
211
207
200
187
184
177
175
215
178
223
182
201
183
193
186
195
185
183
186
192
183
189
178
174
195
184
200
195
178
175
182
186
178
182
186
214
209
204
219
258
220
186
220
218
189
208
181
188
218
180
203
179
181
180
201
232
195
181
216
194
182
235
247
181
184
227
217
181
203
216
231
183
178
186
180
179
179
180
203
245
211
181
201
221
207
202
178
208
185
181
195
184
182
199
203
205
209
232
197
186
183
186
188
242
215
194
204
189
186
187
185
205
184
213
192
226
201
187
241
203
223
241
193
194
187
199
184
194
194
215
220
206
190
