271
293
280
278
308
273
305
267
310
269
284
278
302
277
277
302
324
261
267
257
266
272
259
286
278
296
267
279
304
269
270
319
266
269
280
271
331
283
295
273
278
274
265
269
283
276
277
280
271
267
287
264
292
277
290
261
264
269
275
300
296
279
281
269
289
283
276
299
276
282
273
283
267
276
284
298
269
280
296
271
268
291
322
319
265
289
282
268
279
297
269
273
279
287
291
319
266
307
281
289
279
277
274
277
276
321
292
299
268
271
285
362
334
282
282
300
272
271
283
313
286
270
277
266
279
276
270
301
351
283
277
269
287
339
270
324
279
281
298
318
278
271
272
294
278
300
275
274
283
309
327
268
269
269
276
290
274
292
265
283
278
285
305
279
296
274
312
314
295
279
332
296
286
283
288
270
285
280
276
282
292
280
281
282
303
291
307
299
309
292
288
332
282
306
268
279
268
298
308
297
