223
203
217
201
205
200
206
205
206
213
220
250
204
196
197
187
243
214
244
187
180
191
233
199
196
201
196
196
203
267
198
207
195
217
220
197
240
226
197
196
196
211
198
205
192
198
205
215
197
197
197
202
194
208
201
199
197
195
202
231
196
196
202
220
195
198
194
194
201
219
204
198
191
201
213
198
227
215
201
209
236
213
271
197
217
220
262
207
242
212
200
204
247
208
207
204
209
201
200
198
204
203
199
206
220
204
205
250
202
239
222
200
211
190
199
201
215
201
202
207
212
217
199
259
224
199
214
220
207
212
200
206
203
202
195
197
196
205
213
198
206
199
206
199
201
205
203
213
221
241
227
209
232
229
213
232
214
211
202
217
205
202
205
207
194
202
227
197
237
209
200
210
202
201
212
202
207
197
198
199
193
192
199
221
215
216
202
220
241
249
218
209
202
221
221
201
209
233
205
