269
257
256
287
269
242
268
267
370
267
275
248
244
250
250
259
259
255
264
254
254
254
255
262
279
313
280
272
254
270
256
249
250
262
259
249
259
328
257
254
260
250
273
256
259
266
252
287
254
256
272
251
284
255
259
267
274
251
251
261
258
263
259
258
253
309
259
266
251
264
256
283
258
264
258
262
294
271
287
292
256
257
256
261
277
259
263
286
301
270
276
259
285
260
275
279
314
257
299
254
272
257
310
349
258
264
257
266
263
294
293
253
288
271
307
264
253
259
271
260
257
252
255
255
260
310
263
322
279
272
260
278
273
253
257
255
262
272
286
270
254
258
266
253
258
270
257
299
258
257
257
255
257
258
309
259
256
266
260
261
289
266
297
252
261
290
260
256
259
268
262
254
262
259
260
267
259
283
286
257
307
290
319
288
273
275
277
296
293
274
291
274
309
292
291
314
309
295
277
295
