236
229
186
218
248
211
203
187
220
196
192
188
208
189
209
216
217
198
200
233
191
203
192
218
257
179
179
202
316
191
219
197
185
184
242
210
201
227
214
198
212
211
203
187
204
206
183
252
195
196
185
192
200
191
191
186
184
193
190
193
206
205
199
182
185
187
223
187
195
194
207
209
202
195
209
187
184
190
235
187
183
206
200
192
185
188
190
189
185
212
193
190
206
234
188
199
204
208
192
226
202
191
195
194
202
196
201
214
191
207
229
224
198
194
197
204
198
230
248
238
205
239
204
205
244
201
196
226
221
197
199
234
203
191
206
265
219
191
189
187
221
193
187
198
206
187
204
207
191
248
192
238
192
236
216
241
206
188
193
209
230
194
188
197
191
193
215
193
190
200
191
219
245
208
195
225
220
198
200
214
255
197
188
238
210
219
218
196
211
189
189
196
191
193
217
203
216
188
202
196
