212
222
209
214
227
235
239
219
214
239
239
203
229
226
230
215
204
204
190
257
192
199
210
216
203
270
212
217
225
211
203
207
261
204
202
210
215
204
224
239
201
224
227
206
239
206
199
204
199
205
216
241
222
200
200
214
225
226
223
234
203
209
206
235
213
201
224
201
206
204
206
204
221
215
230
201
212
224
198
212
207
202
253
217
261
216
214
213
258
221
227
219
203
219
247
206
210
233
238
217
243
220
211
216
207
234
212
272
206
211
206
209
226
207
231
238
232
228
233
246
226
209
210
231
280
220
208
208
216
209
209
240
260
215
207
238
231
211
203
209
236
247
258
208
227
208
206
215
291
245
216
223
246
257
226
207
214
220
229
207
218
203
206
200
205
234
216
228
240
242
208
225
220
235
242
266
273
220
221
204
212
213
221
214
206
232
201
204
209
232
243
215
208
228
237
211
212
221
212
228
