283
303
305
320
302
254
254
300
302
287
260
257
291
257
278
263
270
261
259
266
298
275
265
301
264
291
282
249
244
250
257
255
268
251
266
304
251
291
256
272
270
262
275
256
268
252
262
254
277
265
281
258
288
252
251
262
256
253
254
254
268
255
255
253
300
274
263
258
249
258
280
294
259
269
251
249
257
265
249
256
253
262
305
249
249
263
252
288
256
254
273
254
316
257
269
260
274
299
264
273
273
332
266
270
260
266
258
290
258
285
259
295
256
271
259
270
255
256
267
265
284
281
256
257
264
255
260
277
259
275
261
278
295
283
255
273
260
258
253
262
325
253
290
282
254
263
262
284
266
260
254
260
265
274
275
257
295
270
269
296
278
293
265
272
250
263
258
260
258
264
273
256
264
271
264
259
267
275
257
261
272
260
263
257
262
283
286
272
273
275
261
316
256
253
281
272
262
257
251
285
