207
210
198
237
208
197
196
198
211
195
203
213
230
209
221
211
216
237
184
208
186
307
198
215
190
186
211
241
219
193
229
213
200
197
224
188
187
194
199
192
214
207
192
193
192
217
225
207
192
199
198
190
194
205
201
191
191
222
204
190
241
203
204
209
198
202
324
194
204
196
194
192
185
189
218
198
211
198
191
191
188
197
204
186
191
196
198
195
192
190
229
189
199
191
248
211
200
217
260
224
246
239
228
217
203
188
204
201
201
224
239
246
206
208
209
235
232
210
200
229
201
213
205
204
194
194
193
209
192
200
200
197
195
192
195
196
202
250
251
193
195
229
211
212
203
202
235
235
213
215
197
198
196
208
197
199
199
200
199
199
205
199
211
218
247
194
211
219
211
196
207
201
209
220
213
239
213
217
199
196
197
196
198
204
200
214
218
201
195
198
212
195
211
214
193
195
226
195
238
225
