234
254
211
214
241
239
253
222
227
246
228
195
199
193
311
221
247
200
207
199
216
210
203
208
188
200
232
203
212
203
212
212
202
205
223
209
218
237
202
244
213
207
189
228
208
223
259
206
210
201
202
201
241
208
213
201
213
225
243
202
200
223
207
203
207
201
211
216
225
204
201
205
232
200
189
212
214
218
206
285
223
217
220
255
207
250
202
212
215
256
231
227
259
240
211
202
189
227
236
291
206
258
213
202
206
211
208
240
211
219
211
206
210
254
216
231
211
220
205
205
204
220
209
203
210
216
212
208
232
234
248
247
222
199
212
209
222
243
210
205
211
208
223
206
244
217
205
209
240
218
207
214
207
218
214
217
208
206
210
211
230
209
214
216
221
211
220
213
213
217
209
218
208
207
210
236
206
217
202
295
214
233
233
245
211
207
206
248
221
217
205
212
234
213
237
239
209
248
