204
195
214
200
175
224
186
211
197
224
172
192
195
176
174
175
193
168
172
209
177
180
205
220
172
210
174
238
214
170
159
160
160
176
181
218
182
179
170
221
204
196
171
168
191
195
176
165
160
174
171
172
185
171
168
176
176
194
173
179
193
162
170
163
187
169
201
169
168
170
172
171
178
175
164
167
186
164
176
191
166
217
171
174
206
170
176
170
163
167
180
209
161
174
161
177
191
178
169
165
168
187
190
244
170
203
174
174
212
180
199
198
199
193
177
183
185
226
214
181
194
176
197
212
182
224
179
172
167
199
177
200
173
206
177
175
172
175
176
167
199
176
182
173
188
220
230
181
173
174
204
185
189
204
259
188
170
179
200
237
185
200
196
235
217
200
173
195
195
181
185
179
209
173
228
192
208
219
188
168
180
185
184
196
172
179
177
209
173
180
187
214
177
173
236
204
196
173
167
169
