332
285
254
491
257
297
371
293
334
510
284
291
340
340
279
346
288
340
315
305
416
224
393
215
224
215
216
219
379
368
308
473
349
314
910
925
254
288
247
408
294
234
352
464
237
348
230
225
377
351
287
679
234
426
251
253
376
484
225
227
425
417
438
237
325
312
291
252
345
374
333
264
228
250
297
323
302
250
296
435
386
254
226
348
342
260
249
225
361
561
252
606
231
273
255
226
632
284
443
301
373
412
424
295
292
540
285
605
274
442
496
293
785
406
389
466
559
264
271
246
290
395
232
315
238
294
313
309
247
443
391
459
227
274
415
231
273
253
462
418
382
675
332
359
599
299
300
306
429
285
305
345
417
294
507
265
299
648
245
280
274
506
278
404
606
360
254
280
423
302
326
416
411
331
493
343
311
264
316
407
592
288
408
263
358
