862.84304
358.62589
335.68001
363.77001
345.97087
344.13505
398.17095
332.68404
364.254
349.02906
394.55509
379.89902
763.33618
386.36112
347.32103
338.95016
514.71686
422.33896
435.26387
403.77092
368.89601
390.65099
341.93897
356.87995
348.22202
348.43302
423.46406
420.55202
350.52204
437.14499
438.81822
351.94707
332.59392
359.40409
371.50908
362.82706
335.51216
391.78085
352.45109
357.023
320.32204
715.44003
330.39093
351.47285
343.54591
336.86495
362.782
379.53615
356.18401
393.87298
567.44003
352.51212
393.86892
465.64102
465.22689
362.65206
397.80903
352.65017
339.82587
349.25103
365.448
347.7869
351.77493
388.21697
340.76405
353.899
333.84681
365.25512
356.16803
352.16713
343.93501
350.43621
346.57717
391.76106
373.02804
342.54003
336.90691
346.07291
344.54203
336.30705
340.37995
365.10396
347.39995
361.34696
360.75091
382.29203
419.92092
341.27712
372.42198
391.02387
395.09702
369.9441
330.89399
360.1799
332.6149
328.98402
343.45293
322.21413
328.90105
392.72809
491.65916
385.15401
398.89193
352.8111
347.24903
329.2551
342.37814
346.55213
771.35706
752.97689
341.10999
353.06406
729.43687
357.31721
357.28502
357.38492
370.929
357.91397
354.31504
342.18597
332.40604
366.55688
374.77398
330.31893
357.17106
390.05494
356.87995
356.95601
339.70404
339.12992
352.4251
354.17104
335.9108
347.56899
322.65997
337.82101
347.21899
329.26297
355.03411
348.95301
339.07008
364.53104
337.40091
342.79895
356.69589
335.82401
340.37805
332.61704
325.39201
410.24899
689.88085
356.54902
396.04497
355.09109
349.72501
405.67994
343.12606
347.06903
340.93904
347.296
345.927
336.14492
344.95091
342.93985
344.77401
393.16511
394.89889
365.40604
352.92721
380.42808
342.13209
350.71111
333.14705
359.42698
392.55214
752.30789
440.50193
353.27411
365.03482
367.89608
338.96995
349.67089
346.4148
348.78802
339.58912
342.53788
383.636
342.32998
348.12808
336.45701
338.19008
334.54394
336.41505
338.23514
431.09703
467.48614
394.93704
373.53683
353.65605
377.05207
362.11681
336.63821
350.02899
352.18215
345.93487
354.05993
343.55402
393.15796
346.68589
350.1699
349.40314
332.4101
359.69496
340.8978
351.53317
378.6881
345.0191
345.95203
339.43486
356.80509
354.63595
356.30202
339.94699
352.89621
343.80198
378.79014
344.69914
345.18504
351.15886
358.79087
364.41112
352.63491
374.68195
336.29298
355.19099
359.18999
730.49784
364.37106
359.50613
346.30203
358.08802
349.48301
353.70398
361.02891
350.4281
398.93985
372.87998
368.66093
346.67897
380.63407
503.36099
353.64509
355.29184
346.06099
376.53899
347.54491
737.35499
354.52104
337.92686
356.37116
339.14185
342.52906
355.52907
347.57185
382.12109
343.0469
351.8219
338.77897
357.68485
337.09812
347.368
358.07991
367.04397
364.03704
353.90019
368.27493
359.92002
371.32788
361.93991
354.26497
359.14803
342.92293
783.82897
356.85897
370.21112
356.82297
357.74493
354.59495
353.3802
377.89297
342.93914
350.01993
355.92389
352.81515
357.40709
353.18995
350.18802
329.3879
372.56193
375.85807
522.61305
338.99498
340.97099
349.50304
363.27386
372.5121
383.88205
387.30097
360.50606
357.46121
351.26185
356.54497
352.11205
353.86086
357.92494
359.21407
334.73802
360.93998
341.71295
346.79198
357.62691
337.24809
350.26503
347.90015
349.70093
359.17997
335.80494
350.83413
357.11479
335.70814
359.761
338.54914
381.93107
359.49612
394.28592
362.60486
410.06398
395.44511
340.13796
367.66791
348.81687
360.65507
387.5339
377.53701
349.159
359.02905
394.44685
351.331
399.22905
428.19214
548.90919
354.12192
360.41498
352.57006
327.19302
385.1018
334.692
345.27493
393.02993
360.44216
400.98882
375.18501
355.82089
348.88315
540.37499
352.25797
376.68705
361.25898
346.43984
399.30391
442.065
396.29102
419.89589
366.38403
348.5682
355.66688
327.56686
374.789
338.03201
339.31494
353.16205
347.82696
355.38411
351.45593
358.4168
348.79994
396.53707
352.11802
403.80502
349.69306
339.67209
355.56221
348.36578
366.41407
425.30107
363.49702
364.44306
368.15906
335.1469
393.25905
