561.43999
600.12507
617.13314
986.44805
608.90388
525.56992
515.59114
915.96985
496.68884
523.47088
513.74221
522.68219
511.22999
618.70098
543.09011
516.41417
526.0129
517.79485
578.38488
530.88903
526.85189
586.694
606.70495
901.85094
521.92712
511.06906
536.95488
515.67984
516.07823
525.07997
509.57799
521.56711
512.09497
533.28609
669.00396
539.86502
529.12402
514.66608
548.78283
546.46707
547.38116
547.81985
521.66414
516.00194
519.93608
535.19607
521.88706
526.47495
517.32707
552.68002
734.75313
551.39399
511.59596
534.7178
516.92295
509.81998
519.33599
514.58216
545.54486
571.18607
533.28991
506.21414
519.46402
530.16305
510.96296
519.35983
517.90094
518.74399
513.32808
513.09299
511.52301
554.33297
589.96582
588.87315
521.09814
523.04006
511.93786
533.68616
522.50886
524.76907
529.85287
501.55807
525.8441
528.70893
514.33802
533.66184
528.37896
537.75907
527.06599
518.05806
518.35799
510.31613
540.48491
525.59304
542.13405
537.69302
518.69011
523.21315
527.29893
556.35786
675.44484
535.04705
537.84108
523.18096
523.20385
533.83398
509.67813
533.34522
539.07919
514.19091
548.22707
538.74516
523.35382
531.18682
525.48289
522.3
576.89309
522.81213
515.49697
517.0629
556.95796
530.50399
618.00504
534.28197
515.94281
523.43392
504.82297
524.1859
551.96881
519.42515
541.2209
510.57696
510.40697
521.33894
517.59315
570.19496
525.383
524.9939
524.80102
535.45189
514.93716
515.75303
518.81504
526.29995
509.45711
522.44306
504.87304
521.04712
523.09895
570.71996
675.08507
899.74904
534.64603
524.60694
517.16685
516.85786
516.39605
515.36202
521.15178
510.5989
517.4551
542.83905
509.56798
534.68513
519.19699
512.32314
519.09184
515.30409
510.37097
524.44792
501.08814
511.44814
527.68803
513.72099
517.83299
545.16697
522.18795
519.06919
526.23701
511.92594
512.99596
527.78387
507.13301
518.64219
529.65117
511.00683
520.48397
530.44486
542.40203
520.24198
533.01597
520.60103
574.16701
530.33209
543.56194
533.19311
530.16806
528.52106
535.24399
587.95905
529.48904
537.29892
510.69808
556.41294
535.82191
526.68619
594.79189
508.45289
529.94609
535.96687
882.52616
609.60293
512.20703
584.83195
610.72803
523.03791
593.23001
811.2309
572.37387
564.04185
547.41096
547.40906
539.72101
592.01002
528.20897
517.46106
526.088
567.14201
526.57509
528.86009
515.82909
545.04895
582.39698
595.68405
543.26677
523.6671
532.13787
514.57214
567.54494
641.63494
562.73293
567.13295
519.25898
552.72222
524.98722
665.49015
538.82194
560.70995
571.872
575.67883
725.46887
516.119
533.55312
517.1988
521.56901
526.4101
508.85987
523.79203
502.98285
530.43103
512.25495
550.00997
539.1221
574.91493
527.97699
538.234
543.45202
508.58903
589.22386
518.77499
567.29889
525.41304
895.56003
520.0572
901.77608
542.23514
524.96791
542.59706
588.60993
521.39401
536.37195
535.98714
519.28592
520.15185
518.75496
513.00907
548.51294
529.99711
520.04504
524.97005
538.28692
526.23796
523.21696
597.63908
524.35088
521.64006
514.77194
518.39209
535.57587
576.86591
1100.82221
523.33784
541.16511
519.19103
559.22914
581.85887
526.08395
588.64498
540.95292
522.34101
664.3889
615.52191
586.76314
519.2399
528.04303
524.32895
522.96185
554.03614
537.33706
527.42791
530.94316
526.22986
526.15809
525.36702
532.80592
524.21498
537.82105
517.42601
536.71288
518.45002
520.69998
524.74189
526.39723
507.972
539.07299
516.20317
521.60811
525.40994
524.21594
520.55001
525.33484
520.97011
537.81581
519.40799
521.57903
532.59897
522.1839
519.88506
525.65598
586.23409
733.77204
525.9099
536.0899
526.17407
512.58183
518.58616
546.5889
560.55713
533.4208
524.94717
517.102
512.19416
522.46094
490.062
525.08998
513.95917
571.9111
528.19896
527.08101
548.42615
523.22912
524.07384
513.52119
568.5389
538.61904
509.76992
527.62008
570.97101
599.02596
549.55387
948.64798
571.26808
540.42196
614.50887
555.80592
507.58505
516.56699
519.24706
541.01205
541.87179
510.26011
519.26398
521.79098
523.50998
910.84695
527.54402
543.29705
516.21985
516.44397
561.60712
581.52008
552.64497
637.73799
558.15315
552.984
955.09911
611.13381
566.53619
558.70795
577.41499
546.46802
559.59916
561.21778
560.91905
571.79713
553.92694
559.03196
579.08607
555.13215
559.3679
975.44193
601.51505
564.15701
581.94089
548.41805
564.30912
558.17914
552.41299
566.79583
554.71802
551.53012
568.81499
563.20095
968.32705
584.44405
564.10885
547.9691
548.15197
556.81109
554.18086
546.41795
549.85595
572.5441
551.25403
983.54602
550.14586
599.88308
679.23999
643.14413
639.84299
742.20896
570.95885
567.87014
546.84997
547.82009
570.56284
549.26109
572.05391
565.23299
549.25299
571.69795
572.38507
1001.3299
656.65793
551.69606
547.72615
606.12988
558.26497
574.20516
561.37586
579.06604
550.54903
602.25606
680.04012
561.90991
599.1509
615.273
606.80103
639.63008
554.142
609.91096
557.45006
578.05109
565.39893
557.20615
569.95082
554.88801
557.18994
988.94906
555.02701
559.68213
586.65895
610.55017
549.582
572.89982
576.42508
556.90098
559.08394
920.86196
624.42088
716.94994
551.67103
550.31419
555.17387
565.80496
547.28413
559.8011
567.82508
555.73797
566.71691
560.47797
545.17102
549.6912
545.77208
553.73096
932.10101
557.10411
550.87805
549.01505
547.99294
547.54686
545.81714
544.19398
537.93883
616.88614
548.07401
595.31617
547.01996
638.40604
526.65997
521.30008
568.57204
547.31393
524.24002
535.53796
525.47789
519.81807
523.21792
531.4219
523.32401
525.30098
551.68915
527.07982
525.10214
516.34812
538.26189
559.59892
510.16307
513.62801
562.25204
713.87315
523.79489
568.54606
521.00897
510.34093
515.66911
524.69587
570.16706
527.704
552.33312
537.95004
509.93204
516.07585
512.34889
516.42108
528.89109
521.49391
555.60303
592.40699
535.84695
563.06005
622.49613
597.44906
536.901
533.66613
554.07095
537.22286
570.41311
598.037
535.54201
523.70501
526.11995
526.4051
538.56397
597.39089
623.30794
597.87011
519.06705
521.23809
530.43795
512.20298
521.07501
516.5019
543.26105
513.83996
525.06804
519.43016
514.0698
513.75413
576.48706
