476.71103
456.60686
456.63714
456.75921
476.46618
455.70397
459.63502
478.31678
492.10405
469.82098
458.6401
565.94396
618.325
456.43783
456.58207
456.25401
460.49285
458.8449
457.13997
464.35499
454.99492
455.57094
462.42309
455.84178
458.97007
459.01799
477.92482
469.87605
462.59117
461.98106
470.88599
494.83609
467.95487
456.38108
462.76498
464.96987
468.09101
471.82584
456.52509
455.71184
475.75498
488.30914
453.80592
465.08694
458.251
538.66911
498.23785
457.61395
469.70797
501.45197
594.08307
467.68403
487.73789
508.48317
458.82797
466.60089
461.37309
470.10803
464.37407
491.80198
460.531
456.074
455.8599
459.49793
459.10192
482.512
470.48306
455.74713
455.70302
462.24022
521.21997
457.47995
458.86612
458.55999
463.28521
455.2238
506.60014
469.35296
456.23088
457.35097
522.84908
455.21283
455.80292
458.29511
458.53591
517.92502
456.32505
492.88106
481.74191
473.85693
462.97193
473.97995
510.8459
466.35008
457.88789
475.49105
475.05093
459.2762
453.81021
493.59202
591.57395
459.36298
458.34899
458.39381
453.30906
456.14791
809.91817
457.21292
457.22795
460.5391
455.35898
459.83815
466.23683
456.10309
461.48992
464.63203
487.22982
456.47407
530.06196
453.48501
500.59891
456.98404
454.97108
455.38592
465.36899
454.85997
453.59898
456.50482
456.60996
483.67405
456.27594
455.62291
463.22012
460.11496
456.13813
455.863
453.07302
458.64797
453.85695
457.99899
469.61021
452.88014
486.95993
456.08091
454.33998
459.20205
491.43791
457.13305
453.71699
524.40095
587.10408
456.32696
455.86085
457.71217
455.80482
459.70106
453.75013
456.34413
825.42682
454.97203
465.84415
494.63105
467.448
528.02801
463.0661
462.84699
455.35207
454.50091
458.3981
461.5562
458.25005
485.94689
960.114
456.8789
459.60593
456.59685
466.0871
458.51088
454.60415
454.10585
453.76611
456.84218
455.16014
465.28792
488.14201
463.305
461.2782
471.946
458.53519
461.11012
469.12003
455.47605
489.85219
456.01201
457.35312
451.00999
452.70085
471.61198
469.4581
498.16585
543.14184
537.94479
518.14914
516.99996
589.93292
634.03916
594.16485
627.89512
521.93213
552.634
519.66095
526.0191
517.63201
518.09978
518.1551
517.01403
526.19195
542.74988
570.04309
564.94498
518.07809
535.33196
648.808
580.8599
549.05605
556.36001
524.88804
534.2381
520.77103
525.53988
517.46607
609.98702
584.60999
567.41285
520.96415
621.03701
559.25608
519.98997
548.96903
519.97519
597.60094
522.36509
516.00504
519.18292
546.06605
519.79613
522.12
553.05099
529.96492
590.09099
652.90618
575.13523
518.99219
598.15502
564.09287
579.40698
552.48594
673.85292
553.2701
550.95696
588.98687
524.06001
516.98613
516.14404
619.82203
614.11786
559.95107
545.70794
565.30094
592.25297
582.7992
519.98115
540.025
531.62098
542.37986
569.29803
520.96987
569.94605
533.06007
535.05588
557.01303
520.22195
521.83819
537.9889
535.20894
523.95606
517.14802
605.80087
570.72902
521.28696
556.35715
525.62499
525.13814
527.00686
549.07012
516.82401
560.08601
531.19898
610.39019
599.76101
740.68308
524.98221
529.27399
530.75099
649.12891
523.32902
596.64702
524.84083
575.56701
538.74397
578.04203
536.00001
524.91903
516.00814
556.00286
519.97495
514.14394
516.06798
610.19897
640.90705
526.28589
519.71602
570.26005
587.71706
587.62193
519.09089
566.34092
530.05719
596.55905
660.918
616.67299
526.00384
514.74714
522.91512
539.04486
577.08907
514.17899
516.09612
515.10119
518.90588
514.23693
647.12715
553.66087
530.47609
523.57817
521.66796
561.30004
590.32702
519.56701
605.02005
671.0701
514.28199
517.89093
542.16003
517.77792
539.56699
578.43304
528.1651
571.45309
525.22087
552.51408
514.41002
545.26997
570.08696
514.148
514.74094
529.39701
631.75488
569.86403
517.11702
530.76291
516.74604
537.03594
555.67193
516.59799
517.64989
518.61
516.05296
533.11801
540.03692
635.65803
533.19812
530.056
569.64898
559.21197
578.56393
611.50193
545.295
557.71589
624.0201
557.57403
564.99195
554.322
544.59786
653.85509
561.30505
557.42502
579.92911
554.33488
598.8512
522.6059
504.15802
509.45401
507.6139
508.37207
589.90121
501.21784
612.70404
509.36604
509.06205
506.27995
498.98601
503.99113
610.08
590.08288
532.52077
652.24481
606.06003
505.21994
544.74401
638.95702
504.07195
501.92904
500.08607
501.06502
507.93386
501.02401
507.0169
502.95901
498.01016
501.08099
510.41102
500.51689
599.28703
503.76797
527.93694
513.70692
532.58514
504.02904
516.00695
507.01499
500.92793
645.12491
510.04314
508.76594
499.59493
509.70292
499.6922
501.25885
536.42988
649.63698
501.81508
505.67102
499.38893
499.3279
547.96004
499.93181
639.26411
562.19912
507.19595
595.51311
513.21793
501.62411
500.28706
521.73305
496.70291
497.9701
500.54502
504.37999
501.83702
506.85
500.43988
513.45921
517.95316
520.19095
540.14993
511.51085
553.42293
576.4401
504.94909
602.51498
528.68795
586.43508
500.81491
505.23114
552.28877
518.07809
515.49697
512.41994
696.37704
513.53693
526.74294
501.17302
500.37885
497.19501
499.58706
502.57397
502.48599
499.084
538.96809
736.01818
611.91702
500.97489
500.92793
523.23794
501.04499
501.72091
500.09108
503.46684
501.41907
499.98593
528.19014
530.58195
504.82011
502.13599
500.77391
558.49814
499.78805
505.01084
515.908
506.72317
604.89607
544.96408
528.8229
508.93402
572.55697
515.37299
499.14598
503.85904
632.02
498.67201
499.97997
503.97992
499.98093
500.17715
508.62098
503.42894
498.98696
500.9129
506.639
510.16092
501.88017
510.80894
556.30708
504.82917
501.71304
527.06099
516.58487
528.69201
556.4301
649.62983
509.21702
600.42715
504.07004
503.57389
611.18102
611.70912
505.63216
500.09012
503.20983
499.92394
500.23985
504.08387
506.3529
504.29392
506.50406
497.473
501.95813
502.82788
584.04207
602.13614
568.21084
502.92182
509.97615
499.82595
507.61795
500.18311
501.57595
499.33505
507.46799
497.44511
520.59317
507.32088
499.2342
516.55889
517.76695
612.36382
504.69494
551.3289
575.15502
504.33898
509.67503
499.11904
501.35016
500.95987
497.20407
667.36102
507.56311
503.63111
536.3481
