351.12309
347.965
370.24999
351.67098
346.66109
383.37493
360.09502
351.86815
347.24212
334.09715
365.134
398.19098
350.2841
349.04289
337.82601
361.7661
396.00182
351.59898
365.64016
339.63203
338.48
339.5021
347.95904
340.07001
346.11607
383.03709
402.53592
351.51815
345.46685
344.90991
348.67501
357.19895
430.70006
413.02705
418.26391
456.85101
371.67907
350.77095
363.52515
395.95699
404.96492
383.05998
342.06891
351.85814
388.80992
349.26605
421.78011
386.33204
457.9289
379.93503
499.42398
358.80303
355.56006
376.89304
392.04597
335.81614
369.23885
337.93902
367.63692
346.54593
336.98511
341.79306
371.14596
339.94007
342.62896
330.22094
339.54
334.94115
338.5601
333.29296
411.86905
392.04693
378.65615
378.65305
357.23281
346.771
368.2611
358.65402
415.23695
398.55504
344.60282
340.27314
370.58806
398.07916
398.06581
367.15698
346.17114
346.524
346.99988
343.83798
423.75302
372.04599
408.63299
403.7478
364.14599
402.48513
409.66392
459.69605
417.49215
404.86693
493.36815
406.19516
501.2331
400.09499
387.91609
338.19294
371.22679
341.97497
365.27014
405.23505
355.46279
368.28589
400.86794
343.07718
411.13091
360.09812
336.47203
368.93296
395.18404
367.67292
361.84502
335.09612
379.37188
369.05694
426.83601
352.33402
393.45098
374.38321
345.53885
360.80694
358.65021
357.53393
399.63889
358.80518
355.30782
420.49313
364.0399
391.41011
359.64799
398.16308
355.67188
374.88103
394.03296
345.45112
371.63901
370.17894
382.04718
353.019
343.33396
417.07897
482.23591
360.16321
362.26487
380.48005
375.72503
425.79794
354.68197
375.37813
393.81385
547.76597
407.89914
410.95495
428.19786
345.52097
354.37608
366.38498
346.58217
358.64496
443.41207
356.2181
364.76088
341.98499
376.37806
374.80617
404.62589
365.15594
554.35991
412.86516
361.88388
347.61405
349.88785
399.76406
497.94698
421.79203
401.01004
409.88207
357.07498
411.36312
363.54685
357.51796
365.95702
341.95304
350.01206
393.86606
371.346
397.59517
417.54699
370.77904
394.238
481.69613
425.64702
426.27501
477.69809
424.08395
387.21299
374.73083
426.99695
366.91809
405.42793
355.82709
381.145
359.07602
362.90598
353.96695
372.19
351.88293
357.07307
354.30098
351.63403
397.09902
352.87619
377.01702
361.91797
409.43909
494.84897
368.87884
362.89597
356.07195
358.01888
353.96004
410.98905
354.02417
348.22607
374.30811
376.59097
365.242
351.7549
351.03083
348.91891
350.37088
355.7632
394.15216
372.76697
355.11088
364.24994
353.52206
420.11189
354.01511
384.05991
438.24196
525.47908
349.12682
352.07605
380.64981
369.72594
356.86707
352.55599
357.512
348.64593
351.053
358.567
385.64205
347.79501
355.43418
352.81205
358.15811
350.78716
358.06108
360.18014
359.02905
374.50886
367.89012
362.58292
394.0258
346.56811
389.38999
410.08687
369.58289
463.85908
352.64802
398.04888
433.37393
424.84593
369.81416
364.77399
439.16607
449.46098
436.15007
385.01596
378.98016
382.56812
510.34689
353.17206
388.63897
406.65317
355.56293
515.14983
434.67617
431.68998
412.41884
692.91091
392.44318
373.08788
359.26509
359.53999
381.79898
438.23004
355.80015
421.26393
371.77992
356.28319
355.41701
360.69584
398.50497
353.76501
351.49097
355.00407
356.03499
351.69315
376.98388
380.47385
378.97205
346.69805
350.60501
396.83223
363.80196
372.82801
423.26689
357.687
358.12402
354.78616
395.293
358.11305
377.40088
354.60997
360.0111
386.54304
390.27715
360.86798
353.20687
365.90886
395.51401
421.30399
423.71106
410.77018
395.17307
358.01005
368.68715
365.65089
380.43594
522.94898
352.27895
361.7959
352.28992
361.80806
357.29599
419.12818
358.19316
354.26879
353.68204
461.59601
387.76302
350.30913
499.61185
378.04103
466.07113
362.3178
409.2412
382.89404
397.77017
363.93809
366.54401
354.30598
372.76506
363.54399
373.44408
397.10617
390.66792
369.52901
357.11598
350.79312
374.3782
356.75788
373.17491
352.28515
405.24387
364.09903
456.0678
445.92619
442.80696
379.30989
423.04802
361.00483
371.69719
384.00698
359.8671
388.21101
424.61705
383.28791
414.42895
716.37702
1315.95802
652.26102
543.12801
633.02207
1054.672
812.97398
517.39216
561.96809
1752.65813
667.67883
671.60201
1202.3201
468.49799
623.97599
568.76278
704.24318
730.94201
704.6299
652.73285
721.58098
590.82699
699.24402
640.66911
599.86997
729.73418
702.50177
744.5662
655.01118
537.3888
774.87206
760.55694
750.50211
764.05406
665.75098
668.44583
694.22913
630.36513
693.12882
633.26502
505.37205
769.63401
683.64191
628.11899
546.08393
718.02402
695.20593
1019.78302
555.26209
719.81597
741.43505
726.18508
714.43391
653.65314
621.32883
569.9842
791.75282
689.39805
720.51096
805.48096
663.76114
743.86287
728.01018
724.38622
699.68891
609.18593
558.67505
721.29393
746.45901
703.22108
619.42697
568.27998
675.19403
731.34685
763.63707
703.64714
721.15421
686.07378
571.0361
1492.25092
630.58519
1014.20522
600.53086
552.97709
573.85588
654.39987
934.30018
1130.76496
1001.88994
1082.94106
662.21786
723.63114
711.5581
672.75
575.85192
733.54506
727.35
680.07588
617.37418
602.139
1051.29409
730.64494
737.53595
735.67605
738.28721
798.27404
707.30615
657.10902
641.6831
576.89023
415.46202
371.21296
355.15308
347.27788
347.44692
352.97608
375.47088
349.55192
341.71295
342.89694
370.07618
423.61999
378.97611
400.78092
343.79292
348.09995
349.9012
341.69102
358.89602
343.30201
348.93489
367.68508
381.43396
346.83704
349.06602
374.95112
346.49181
415.20715
348.3932
351.04203
340.46102
339.64109
358.45399
336.87186
342.38195
350.25597
353.03712
341.54201
338.43088
505.687
494.87495
391.27898
345.294
344.05804
346.05908
347.42689
358.67
362.63704
341.44998
369.28391
346.67516
354.55298
371.77491
339.77699
431.39982
424.65305
348.78993
341.17103
447.39199
368.02387
338.902
340.29889
357.20611
352.17404
343.15491
346.05718
370.7931
363.37495
347.20898
345.54195
339.81299
344.91491
348.43898
348.63901
378.99303
372.37096
454.51188
431.91504
457.93986
359.28512
344.04492
345.30497
344.4171
338.14383
372.97702
359.12013
357.58615
356.03094
361.65786
383.78286
