815.50002
501.45388
513.95106
514.78291
493.59608
394.84
395.76411
390.93089
380.481
392.77601
412.54997
411.99803
400.00892
384.53102
378.65496
388.70192
474.39313
476.83907
382.16496
386.80315
372.13492
423.78807
400.27404
445.72997
396.87181
399.90997
398.16308
424.23391
406.74186
396.2822
384.66191
379.65798
395.37811
389.68301
395.86902
417.8791
400.49982
400.77806
409.38401
394.20104
400.32721
389.69398
404.006
397.67194
415.00282
460.84094
510.20503
501.18113
520.34092
454.97298
563.11393
391.35098
788.86294
507.39717
396.91901
409.23905
376.24097
446.66004
406.74186
444.25011
397.75801
477.50211
418.22791
425.56715
452.84796
413.625
432.71899
404.04606
527.33493
402.11201
439.98909
462.77595
463.44519
516.96801
478.98197
482.72395
456.11501
436.1062
429.25596
419.24596
462.6298
468.69516
431.99396
464.02907
463.85694
386.89017
461.46894
528.80216
457.03006
831.146
450.36197
480.44991
440.624
443.75706
445.25504
439.09717
511.45601
443.115
480.30806
489.55703
614.58611
391.66093
385.5381
387.23397
382.53212
396.92402
347.59212
377.60592
405.4091
394.27996
937.21604
1306.49614
1918.53404
888.65113
1556.08916
1446.78903
1640.23781
1257.74097
1369.11988
788.00488
634.13501
388.94296
432.21784
394.00291
543.08701
549.77822
419.276
400.01488
467.61203
439.749
422.96004
442.28911
430.63402
418.6399
386.39617
378.88694
394.13309
401.0489
387.13408
381.30403
416.48197
398.17786
422.11509
380.74398
426.03707
460.46209
398.911
414.24799
375.55194
435.12702
560.70209
394.21201
404.65188
388.78202
399.0109
411.77797
432.74593
413.03706
445.35589
407.66501
371.99998
385.2551
403.65791
395.77413
405.00093
405.42912
403.34916
408.03695
384.48906
401.56412
410.03394
403.06807
386.30009
392.01999
426.0211
429.87704
437.09111
381.44279
408.108
409.80196
407.01509
436.49697
404.49595
386.29007
378.00002
424.37696
394.28306
356.32515
434.60798
445.34302
402.32396
389.44411
392.56215
387.77304
414.04796
409.163
377.87008
425.37808
403.6119
444.16499
422.14799
366.49895
454.26106
420.66002
377.73609
411.88598
373.16799
414.53004
399.93
428.0889
390.2359
394.78207
408.47206
387.81309
412.51898
421.64016
396.11697
440.41204
423.36798
402.83608
475.14296
402.27389
425.75192
383.36396
414.87503
378.66902
376.18208
473.207
385.391
421.18406
425.21501
390.92302
441.31708
406.45599
381.73795
420.37511
390.15508
406.51798
375.15688
409.24716
383.04305
429.26216
386.04999
374.14503
389.02903
385.38218
386.28602
419.97504
367.67197
453.74298
568.93396
383.77309
370.69082
396.24882
390.49006
388.42511
505.95188
407.897
372.50495
412.14013
394.17887
397.62521
398.89693
385.03504
384.24301
381.71697
420.34888
394.89007
379.38786
434.412
376.261
439.14294
407.10711
384.84907
400.64478
379.49395
410.73203
402.385
367.29503
385.3972
375.90981
478.31392
385.47206
833.81295
377.37107
412.36019
393.893
395.50304
407.07898
375.98205
386.78122
388.24606
394.39797
403.76306
383.04305
438.36308
390.44213
381.11615
398.36979
417.46092
642.21692
453.86505
448.23503
415.10201
435.13298
379.91405
398.42987
433.84314
372.00999
413.88011
381.55484
409.51109
398.9079
379.14705
418.96415
440.768
406.389
426.62406
428.52402
398.91815
376.25623
401.64995
486.32908
463.47094
393.93401
809.41296
776.7868
420.26687
393.91112
408.59008
429.89302
461.76791
424.61705
383.38804
469.36011
429.11005
452.47698
412.40096
557.20282
435.12607
568.55106
442.35301
393.50009
452.73805
380.04589
389.14013
398.6659
392.65394
392.38906
512.45379
1105.20101
432.89304
369.93003
394.00101
414.54792
377.13099
373.1699
380.64504
396.51704
442.65795
373.48413
455.13105
393.87798
399.92595
490.56911
468.73903
427.53506
402.5979
447.39318
379.49896
373.88802
379.57001
380.63312
418.65587
382.03096
407.98116
388.46087
387.51507
378.74603
390.03897
409.72614
390.53988
415.797
391.27898
393.77213
430.34887
400.56109
382.85589
395.16497
385.99706
442.662
429.60191
802.79708
392.89999
395.2589
410.52294
407.98593
514.82892
458.78696
486.98092
340.79099
359.55501
339.60795
346.807
377.08497
339.3631
353.3349
333.54998
374.897
338.94205
353.40786
370.78905
339.82396
341.55989
349.76912
349.90096
347.8229
382.65705
334.11312
400.57516
363.65795
342.69118
387.04705
376.52111
347.29981
348.12593
348.55008
339.96487
358.36697
342.57817
388.00502
392.71903
335.90889
722.16702
345.59393
355.48806
333.51588
341.17007
345.23797
352.31113
326.67494
367.03897
340.34109
374.14312
345.09587
358.13594
341.19606
366.45103
347.22304
397.34077
549.45016
347.67509
355.02386
343.70303
360.62384
389.9281
362.08105
365.86308
352.39816
343.31799
347.66603
346.08102
348.68312
380.97501
349.57218
345.66998
350.89207
342.39388
342.12017
348.88697
355.46589
349.41196
346.05193
365.3059
334.62882
343.29391
339.84494
360.49819
358.46901
324.42093
345.92295
339.91504
389.29796
351.26901
340.31296
343.81914
394.25206
371.19484
373.86489
331.56395
351.57919
393.20302
366.06598
366.57596
437.67595
411.44586
344.00392
336.1609
339.34307
406.14986
507.95984
335.07299
340.74998
344.33413
338.82403
342.75699
350.57592
377.36511
350.18992
340.19017
366.28199
357.65004
339.72502
347.36586
341.16292
340.33203
334.28097
345.97087
335.02698
346.66586
360.4672
357.27
393.00013
332.20887
735.94999
335.19292
352.00906
348.78802
350.07787
347.76688
348.19102
370.54491
339.12396
343.48297
339.80012
340.88898
338.21702
343.16492
337.39281
342.556
328.59302
332.53908
342.08107
331.67505
427.08993
342.84496
402.07601
353.93119
449.41902
446.80309
502.9881
327.30198
344.95902
335.67095
414.87503
375.17095
350.5609
349.99704
337.70108
344.42401
338.07707
357.89299
355.16191
346.03906
337.20398
340.6651
344.81788
345.32309
353.99914
332.17001
351.8312
344.68102
337.39185
340.44003
331.54202
347.30506
335.57582
316.2818
344.46716
343.30392
346.28296
338.66501
341.717
361.37104
334.29098
345.3598
384.73797
341.08591
328.31192
335.25205
346.98701
331.78592
345.78705
344.33889
341.72392
343.21308
336.6878
345.91985
341.55202
393.10694
