336.66301
367.99383
362.07199
381.05607
461.98201
370.07904
346.946
380.90706
356.9181
401.0241
357.07402
370.06903
342.40413
374.47882
397.10402
351.94302
357.8229
334.45692
465.62791
400.95019
427.145
357.11598
545.89295
495.02492
412.85515
395.15615
357.86796
344.05923
358.03413
348.53292
346.22598
390.41495
358.07395
337.09502
373.79789
428.01404
450.34003
419.66796
687.0749
757.51519
934.02815
956.64883
804.05998
925.06504
850.98791
875.875
932.14393
810.04405
792.90605
872.26796
888.85903
724.19786
835.77204
763.04007
1088.37914
832.99303
403.80406
394.16099
355.63898
392.91906
367.42687
384.07493
389.96792
382.0169
358.92701
401.01099
345.05105
348.93084
382.20406
344.76089
393.01801
390.50198
348.12403
409.80697
383.19302
452.22998
345.02602
343.12391
372.87116
348.04988
390.91706
495.00299
388.94701
410.73704
678.31111
372.04695
364.92085
355.01695
411.11398
396.9171
362.50591
389.47105
350.87609
352.03791
398.12207
398.96202
364.9261
434.96704
342.06104
382.33209
493.66498
378.06916
411.88693
414.48998
356.48298
452.03495
379.812
379.28009
397.62402
381.54912
368.66498
376.40309
369.80796
335.50787
397.44496
349.7889
354.182
394.12904
339.80107
346.5569
357.53107
387.74991
416.33701
374.94588
431.84114
352.27299
426.77498
356.79507
368.89195
368.7582
393.19205
395.36309
378.15905
392.92312
420.72916
384.57203
443.13502
408.09107
402.41814
409.14202
385.29301
416.38303
423.98691
439.90993
441.58792
406.75807
391.03603
396.75903
404.01602
475.30293
543.89715
473.61803
368.98303
364.40396
489.39705
389.62817
358.17814
500.21291
418.27202
422.4968
373.04807
364.78305
349.93505
379.39405
345.55912
396.14797
374.76993
380.26786
409.54113
345.64686
436.6591
360.87704
390.0528
521.72017
563.65204
406.89778
394.12403
429.92687
420.62616
461.71284
387.37798
410.82096
396.10791
474.74599
442.75999
401.62301
398.70596
420.33887
379.78888
421.23604
433.86984
414.53314
402.85301
383.56304
524.21594
424.9661
378.31116
395.77794
368.922
376.22094
1407.09209
1376.95193
1487.90693
1505.67889
1504.02498
1244.86995
355.16214
342.82708
338.17196
361.22012
352.15998
418.96105
344.54584
346.45295
389.26601
350.41499
350.19088
393.10503
339.22505
411.50594
355.14593
337.30602
367.56802
350.64292
356.44794
389.76908
392.62104
354.34198
359.02882
347.8961
341.20989
419.23499
456.37107
473.75584
421.88907
444.48781
396.11602
363.27004
362.16307
336.47609
345.56389
351.77112
333.04501
337.79788
346.79008
337.48317
390.62691
428.11799
360.42595
399.12987
488.8761
365.89909
354.75302
361.59992
351.51291
347.44692
332.42202
415.03
377.67911
354.01297
342.14497
345.22891
396.01111
336.31992
353.15704
363.78288
350.81005
338.66191
345.69502
338.26995
336.96508
332.654
347.81313
336.31706
430.70006
362.60104
350.77715
340.44886
338.05299
376.03402
332.65781
332.3462
344.88416
336.57289
336.7281
348.3758
351.71318
380.13101
343.29891
350.29793
347.89586
368.31808
338.06396
346.89903
348.77992
346.21716
353.80006
380.03302
347.42999
377.0349
507.69401
334.60402
348.51789
335.93011
337.56089
348.032
338.05895
338.81402
355.61609
335.48117
341.06016
689.38589
412.56499
424.03293
346.04907
504.83799
340.72495
362.24604
473.62709
356.63795
456.21395
368.8271
387.77494
341.81094
352.89288
335.29902
399.03307
424.03293
379.97413
344.98405
374.98808
361.18388
360.425
354.67291
400.77305
364.42709
373.50202
341.06684
349.70593
346.58813
352.05197
389.81795
360.41689
344.72704
342.13901
367.51986
344.96403
339.40411
339.99014
417.97709
472.72396
340.92188
344.04612
333.30393
337.33988
372.25199
388.38005
366.57
387.51888
381.69408
340.88802
345.17813
350.3139
401.24798
340.801
397.79687
365.75198
369.66896
380.80192
355.92699
424.50595
412.37307
359.58195
336.67588
338.14096
333.46701
345.16215
389.13298
416.39185
427.37699
344.92993
357.06711
384.85909
350.05903
454.55194
404.73795
412.15801
450.55795
429.14104
342.20886
356.41122
340.42716
371.50717
383.69989
335.15906
334.65505
342.82017
350.05307
397.00699
425.71282
796.11707
757.11298
763.84807
750.43201
770.03598
763.06796
797.24407
788.60092
743.48402
765.64407
807.65891
740.731
744.71903
768.26906
783.98585
1051.10502
737.86306
730.15594
755.85008
721.89808
730.43919
753.9649
780.67684
761.22808
780.72
811.03015
761.49416
763.86786
800.74215
770.44296
771.034
767.39788
792.69195
742.56086
783.05411
770.21408
759.86695
745.17798
737.59294
747.93792
771.04878
778.2712
858.30998
767.78102
764.13608
740.82589
726.69601
725.16203
711.65586
773.82708
1059.89814
739.29596
788.40899
773.62704
768.48888
788.69009
760.08892
776.26491
791.399
794.3871
780.689
778.10812
774.02091
785.61902
793.77794
825.95611
812.19792
751.36614
752.52485
791.31699
758.89206
778.91302
767.63582
841.06708
785.90584
748.13795
751.13702
755.34892
800.3931
797.14394
837.03995
786.03792
767.18712
765.99002
780.81799
771.13581
790.64298
742.7721
816.91504
747.7591
748.04783
771.9872
817.945
789.09302
771.67201
744.76409
743.6862
750.5188
600.52896
401.46494
474.99609
340.42096
325.57392
330.57308
346.48299
326.95794
324.4431
362.01692
369.05193
330.67393
345.70718
375.90218
385.13803
353.70398
325.26112
347.29385
324.20897
324.81813
326.07698
340.67392
331.55918
329.17881
352.05913
327.66223
324.3351
342.32402
322.93487
328.10616
343.38808
328.50385
360.57711
347.81599
324.76616
332.165
327.01707
324.90492
326.78199
340.72399
327.76499
330.42002
342.23199
337.29696
332.42011
392.29298
367.90705
357.18918
333.02283
353.92594
347.55898
378.89695
468.76001
332.92389
345.77918
325.57893
329.79202
327.06785
329.67615
332.587
324.76711
348.79589
327.44503
325.22082
336.26103
341.07804
325.09589
332.49903
344.22612
335.78897
350.14105
343.97411
377.38585
416.74995
363.58714
325.27089
328.08018
330.42097
326.57099
329.68903
349.69902
328.43089
325.92797
324.52798
327.66914
345.716
330.91903
325.82593
334.584
336.75981
325.1791
342.95893
333.92
333.1809
348.54102
325.07682
326.08008
340.2698
324.8322
325.66905
386.70087
372.18904
