598.15812
590.85703
628.16596
568.959
553.02691
547.89901
513.86905
514.20498
578.19605
546.47803
551.72777
553.15995
520.60103
520.6821
498.95597
523.33093
574.07188
510.23889
547.70684
578.10688
534.88398
547.49489
587.77094
568.79902
603.04308
591.2261
607.86891
599.98083
610.039
615.04602
570.61601
631.76298
590.91115
596.2441
492.22493
496.24491
520.98894
531.13794
536.47614
489.68315
491.395
492.65313
478.00589
478.98412
480.96204
511.06
475.86918
524.19996
550.08292
562.16192
661.65304
574.96905
554.03495
537.51588
541.31818
496.6259
526.01624
512.73489
508.183
509.00912
521.10195
498.82293
553.70402
630.88393
571.51103
580.91378
590.26814
635.02789
549.96109
596.30704
547.85705
616.37282
633.03614
618.16192
664.74915
632.87997
681.85997
585.953
598.01292
557.55901
605.41105
591.19987
649.82009
593.06693
683.27498
677.2089
683.88414
684.67093
647.91393
708.23503
784.14607
670.892
766.04986
603.99103
683.86817
715.11698
725.05403
687.27303
682.70111
639.24885
826.98298
606.00901
665.8361
576.26987
571.95401
493.0861
509.90987
523.34595
528.52702
499.53794
512.95304
439.84699
396.22188
403.43308
390.73014
388.50904
400.93207
372.05791
371.98281
363.0681
353.31917
341.69602
338.88102
336.01999
335.43086
339.72597
339.01715
331.07901
350.91186
337.88896
331.09403
332.06391
332.93891
331.90989
334.10597
329.61178
337.88586
331.55489
335.99401
332.14903
330.81484
333.05001
332.03292
332.98707
336.40313
333.5259
337.11791
332.34215
334.19895
375.58198
564.94617
332.932
334.44691
330.52802
331.7461
337.73708
341.61186
333.04501
333.84299
332.12399
333.78005
334.48005
330.9958
333.88805
331.08807
329.89907
334.16891
338.10997
368.20793
329.386
332.18884
339.22291
334.79095
331.08497
330.72591
332.32999
337.09407
333.22883
332.63397
332.98802
336.92408
333.16398
331.81906
334.18608
331.92897
330.29604
336.07292
333.72903
335.01697
331.002
335.87909
333.38499
331.68697
328.00508
388.99207
329.0
330.61814
342.43202
333.10604
371.11211
