977.73314
992.92088
984.80916
947.32499
937.97779
975.95501
959.91993
961.40599
1126.80793
1098.70195
1187.93201
1295.21084
1361.29713
1254.17709
1338.78398
1131.22702
1443.56894
1230.89814
1336.27486
1337.60715
1250.32616
1338.85694
1137.9509
1122.02501
1137.7039
1050.39096
1128.28898
1149.96099
1369.60578
1259.16815
1344.63096
1055.21989
1184.23915
1223.15693
1217.33093
1276.55602
1251.60289
1342.38887
1298.50006
1180.46498
1260.73623
1249.62378
1224.16401
1171.20504
1273.48709
1246.67382
1185.39
1237.89907
1273.33593
1195.07289
1597.22805
1309.60107
1269.12904
1270.30087
1458.81104
1278.28288
1384.07803
1365.93008
1281.57401
1241.03212
1107.50198
1072.50905
1041.79907
962.93783
978.10411
1062.53386
1011.14893
924.22509
1202.97503
1197.04485
1493.43896
1197.81208
1022.67098
933.45308
959.00202
928.68495
995.80407
971.30704
957.46207
991.06717
983.30688
1088.38916
1118.1531
2064.40711
1134.2988
1389.27507
1730.00193
1440.79518
1972.32819
3324.85199
2441.38503
2076.06697
2274.35303
2085.53314
5138.65185
3070.75
5123.88706
1530.88713
2345.03984
3127.22588
1665.15684
4267.802
1805.54509
1469.11407
1919.39402
1595.02792
3431.90598
2341.43496
2300.529
2132.29394
3030.57003
2446.42901
2182.83796
1273.22292
1871.1009
1535.8851
2535.20107
51705.09195
2217.28706
1745.84103
2415.33113
4811.56993
2230.72004
1538.01894
1537.07099
2000.88716
1472.87393
2471.16017
2467.20791
1260.55002
1932.4019
1700.37913
1945.05787
3094.98811
1631.55079
3410.51412
2341.92014
1950.15216
1707.11303
1561.584
1496.89102
5143.10312
2527.4148
1793.77508
1546.8049
1363.4901
1373.58594
1885.50711
2165.28296
2084.57494
2385.84399
1693.26186
1635.00309
1387.7449
2386.78908
2087.38899
2244.45009
1825.12808
1736.54485
2767.44795
2547.61982
1885.90598
2109.5829
1891.23702
2454.28896
51695.87803
1649.90306
1444.91601
1218.69683
1106.83417
1072.1581
1129.16899
1015.08212
1013.31282
1090.3089
1028.75113
1115.25583
1217.71717
1198.29202
1200.96087
1137.609
1059.0241
1058.54487
1031.50916
1146.49582
1207.69811
958.92
1012.19392
1115.84306
1036.09991
1226.1591
1202.82102
1214.53786
1349.49112
1193.28904
1121.64187
1239.0461
1197.45517
1296.27085
1369.93313
