745.52512
792.42706
777.17686
763.61918
749.7859
744.82584
906.68797
956.1038
821.15316
898.14305
949.70703
930.3329
829.16403
879.77195
830.37996
905.10416
800.143
774.31417
868.91198
770.56408
784.62696
776.34597
841.61901
831.06208
729.69007
694.30995
711.39812
678.14684
752.7709
723.48595
805.76706
795.69888
788.05017
822.03698
823.01688
681.76413
800.53806
790.79199
801.53513
773.67496
775.82192
761.56092
808.54201
844.05017
829.14186
811.414
884.10187
919.5919
982.75614
831.58588
996.32001
742.22207
830.90997
937.72197
827.61598
776.22509
842.34095
834.5449
921.24701
849.10107
900.02608
952.22092
794.03496
772.29309
831.26998
858.29806
860.62503
867.40088
895.99109
887.82501
922.49107
848.47808
789.48712
927.24204
899.20998
848.83094
830.87397
781.25596
799.93796
820.26291
840.91806
673.48409
684.67402
678.1671
669.65103
723.52195
705.91784
949.53394
873.312
915.98511
944.21196
963.81688
985.93807
958.68587
958.33993
876.09911
913.7671
996.27495
1041.64505
1052.47092
936.5499
864.37297
792.55795
779.44684
699.11695
700.9058
712.99314
791.07213
712.59499
655.79581
810.49013
730.20601
702.45886
691.73408
898.27895
828.49503
1069.55695
890.84411
821.15602
864.00509
988.96003
839.11896
853.90496
960.44111
987.83207
1292.01198
861.27996
973.41609
798.28691
781.97098
815.91392
829.11205
758.61287
790.16399
832.13878
964.71906
998.92902
1028.42307
1076.50399
1087.12888
1178.334
1171.62609
1134.95207
1036.91888
938.22694
966.79497
835.28686
1074.14222
913.20992
854.39706
1011.2288
1003.88718
967.56792
1022.18199
1010.55789
1039.01291
954.23913
1062.86407
1023.18621
1061.27119
1086.89284
954.84209
990.05795
976.94707
1018.16797
913.87796
855.49283
957.82614
807.693
862.97798
832.25703
866.89901
986.93895
885.05721
813.11202
860.24213
879.37498
825.93894
919.43407
968.34493
989.66789
1104.9211
907.09805
849.62893
769.33193
827.13294
903.15604
812.51216
822.50118
783.57887
860.48102
888.50093
829.44798
906.96502
933.22515
877.99883
949.55802
849.80607
848.86384
854.07615
