849.83492
774.30105
713.82499
768.68606
751.04594
722.86105
797.31798
727.38194
804.37589
717.05008
768.42999
768.59617
807.13892
732.47695
739.1789
731.48394
680.6972
806.18405
787.55999
761.45315
797.61195
1105.28302
887.47215
879.7009
835.94799
916.34512
802.12593
1547.62506
906.36206
1016.08992
896.67106
912.22
1157.22108
1011.98506
850.41094
862.52689
876.12605
840.00587
765.82503
768.94188
754.91095
795.55488
711.833
749.56584
748.12078
774.9269
784.40905
707.20196
869.63987
949.54515
1105.30496
872.37787
814.40997
854.14886
875.36097
976.96304
10974.23196
781.20899
768.87417
738.065
786.54885
718.18781
773.803
730.75199
731.19211
726.32813
771.703
779.82783
799.90101
715.07001
728.06597
850.18301
727.43011
784.43289
691.47897
810.06503
721.96388
717.04698
790.31897
738.99007
822.90006
803.45917
695.15395
743.2549
713.32121
779.77705
693.64214
774.83582
712.31198
752.93708
752.98309
771.93809
683.70605
690.22417
788.06877
822.91317
795.38584
813.15899
596.15302
715.29388
814.36205
646.83509
654.43182
641.98899
614.15911
719.23184
753.57318
539.75296
567.10696
656.85701
548.96784
557.15609
629.74286
703.26304
645.00117
629.51303
612.88023
559.44204
603.41907
569.37981
523.74101
527.71091
705.67703
714.98108
839.21504
668.19
847.29505
692.35301
792.28306
748.86107
766.52694
800.79293
784.06405
750.83399
810.38618
809.443
795.53819
944.10992
858.38985
839.23507
925.88711
966.31885
718.92715
712.35204
799.18408
773.44799
616.37902
650.64001
635.48684
719.97094
744.96603
567.57402
603.52302
587.05592
583.72498
620.28813
690.86814
558.02894
637.83097
627.27594
629.21596
600.41809
597.64218
639.78982
589.75792
728.20902
764.83989
676.38206
734.08484
704.09703
692.20901
734.164
823.93789
703.48597
726.47691
779.40798
711.7219
711.99107
805.74799
675.97389
777.50301
793.78605
678.57409
802.17004
795.19391
761.00802
714.96201
768.39304
800.02189
764.30798
758.59809
776.78084
790.41696
881.38008
974.31803
1019.58585
974.1621
956.98118
975.81601
875.54407
