1034.62815
1039.69288
1076.53904
1051.92304
1054.08692
1002.02203
1151.48497
1095.87598
1013.19814
1001.90496
1018.24403
1028.67603
1048.17796
1081.68793
1015.99503
1147.0201
1042.96088
1135.08797
1076.85995
1064.55588
1127.87104
1137.31098
1131.26302
1224.32303
1175.60506
1218.65821
1267.35115
1189.92209
1208.40192
1163.90514
1147.48192
1149.32895
1180.30691
1177.83594
1217.22794
1157.31812
1059.2742
1085.13117
1091.72702
1042.799
1080.09601
1147.30096
1072.90483
1070.85705
1035.96401
1122.44987
1017.22789
987.5319
1042.52219
1054.33488
1354.19917
906.83508
715.35015
718.35113
852.70286
952.39401
949.00513
1038.30004
1006.23298
1139.99081
1084.54013
593.94789
701.08509
780.28679
881.20317
843.91904
914.84523
932.08385
971.58003
977.01383
964.00905
792.03701
768.98503
765.49196
726.90415
757.9639
681.5021
717.22317
775.07806
658.70595
707.63111
669.19708
664.33477
709.1341
677.24895
596.57788
675.55809
627.97999
654.90389
627.89202
552.47593
595.19601
617.33794
604.71702
594.72108
595.54791
588.98711
599.0541
604.71988
541.01896
687.90197
623.66199
581.47502
634.98712
532.52411
630.19705
668.75005
548.08116
587.52894
588.36293
546.96894
653.02992
635.24199
574.07784
594.68198
606.87208
508.10409
527.35901
631.212
587.31699
623.10386
579.71907
613.00206
794.4591
703.88389
730.10206
784.60383
590.99603
615.81802
631.94704
642.71617
680.22013
640.11192
625.96416
575.57487
599.32899
583.08387
622.93792
629.07887
594.94114
607.93781
613.05618
597.90587
693.22991
591.95614
608.26087
841.65907
863.49106
928.63512
1002.21515
1219.51199
916.09907
1031.08883
984.24196
866.17398
815.51099
911.34906
879.0369
786.83996
796.96798
774.67799
839.21409
841.69292
793.84208
831.31981
863.024
982.76401
836.38096
788.68699
755.25093
769.91796
708.94098
693.78281
799.83592
670.62712
581.27117
594.6691
550.18592
562.64305
540.74502
546.803
568.22419
589.5021
571.85388
604.50602
600.33202
497.44296
539.39104
538.71083
582.82304
593.27602
541.87989
583.62913
737.72502
744.05098
734.80988
740.47017
761.44791
607.62405
755.95307
