764.68396
816.2322
1634.59396
738.85202
698.59004
752.18296
789.93797
686.95188
762.34198
961.98893
720.46208
809.5181
659.94096
913.01394
674.09611
707.72815
737.27107
766.84499
771.53277
789.82496
689.89205
653.20206
672.1921
699.91088
830.94597
761.15084
691.782
759.95898
703.17388
668.80512
820.98603
762.25114
833.02712
714.78391
721.05098
746.47713
770.76721
798.99716
838.12785
974.0541
729.66599
860.81982
801.98002
817.96694
835.03413
786.82899
936.40494
863.54709
862.84995
759.62305
1034.39903
788.04398
799.39914
2790.9348
706.08783
740.12089
829.20194
1829.34499
729.40207
744.08889
898.17786
755.40996
693.69197
660.66098
1693.04204
745.20802
681.72383
800.68398
796.39602
732.09596
751.28698
655.03407
595.06989
692.18802
578.92609
639.98199
669.65413
600.41285
695.72806
795.79782
604.64311
641.55507
760.63108
685.78291
642.23003
681.00309
626.03092
597.03994
736.22108
675.71998
597.91303
677.3448
732.45716
670.02583
704.97704
764.16302
751.07193
844.39516
796.88191
794.8761
934.16786
750.49114
730.80182
790.3111
657.66096
692.28888
685.95886
712.62693
765.15985
780.45201
627.25806
616.52994
696.49005
722.19586
662.21309
729.19106
658.07891
602.10395
663.43212
661.237
669.35802
698.37189
659.85894
678.9
898.59509
861.08494
758.79598
737.26106
657.52387
595.40701
678.22504
654.7718
667.53507
740.77797
708.6041
639.1089
688.91597
702.05784
616.03999
613.25812
575.19317
608.85787
603.41716
644.7649
705.23691
591.06994
600.52991
634.71222
555.32789
566.40577
747.31922
587.80718
597.296
602.66805
719.32793
662.97102
549.84093
555.80187
670.61496
596.29512
683.96306
640.89394
730.6931
648.78082
652.776
612.0131
637.14886
677.23799
711.3061
716.21895
803.09391
758.06499
650.93303
678.03812
861.90701
729.43687
686.62
720.20888
718.07408
678.10297
675.26889
807.80315
705.33013
706.47383
638.03196
662.13512
643.70084
625.03004
749.31598
650.25377
729.12097
662.01091
648.94485
644.39607
614.53295
574.16511
581.95591
588.38582
657.48715
631.29377
