392.7238
396.04497
406.10695
429.02398
386.28197
390.47194
391.27898
419.88707
412.66084
403.49102
483.26015
395.39123
385.98919
394.92607
388.38696
405.303
392.12608
392.519
419.88707
399.92404
428.11394
405.86495
408.90002
391.10208
384.99713
390.84816
418.14804
397.892
433.86388
415.90214
429.85106
471.52805
412.23097
412.90188
417.8741
432.36709
436.68103
478.42598
416.29601
438.833
428.03502
433.61592
439.49008
426.87511
443.66312
459.96404
497.293
471.87209
457.80087
465.69395
595.7911
424.11995
420.98594
466.35103
518.37587
526.57509
552.12402
513.18288
505.14698
522.03608
432.14703
446.89488
438.74979
433.12001
404.61206
450.76489
395.54
462.65793
479.54106
486.27996
474.09201
475.09003
453.29809
459.01299
552.58298
453.72915
411.83496
428.42793
388.726
392.78483
389.17494
385.03695
389.25099
392.6661
391.13188
384.68599
386.14702
386.03806
439.34822
387.27498
400.70701
404.79207
389.69183
415.205
394.17291
387.99381
455.03807
409.34086
394.56487
453.31001
578.21918
435.30798
498.82793
407.26519
413.68389
422.09601
461.90619
514.35614
388.61108
411.98397
387.043
392.01903
385.88405
392.2801
418.88809
396.81888
390.47289
385.9272
388.88693
385.54311
392.75908
385.40387
438.23886
417.49287
400.17295
392.77506
398.65398
437.69598
386.29198
388.77702
397.42708
393.01705
401.76082
394.02795
406.50606
394.27304
383.0328
425.96197
394.27996
396.52205
396.67416
384.13
386.77621
390.39207
460.12306
392.43007
389.61291
399.91212
384.75204
415.99202
533.4971
465.20805
394.50407
405.4172
400.36488
385.2849
383.79312
397.75205
390.28788
423.96593
384.85098
394.22417
391.76083
410.15983
470.66689
394.64402
386.96289
397.27402
400.77996
407.04083
390.59687
404.39796
408.75316
389.86588
387.69197
385.78105
388.77988
389.77718
385.77199
496.23203
384.98616
383.6751
383.7409
397.97091
387.84599
386.77382
387.28499
391.01386
387.1448
468.84799
384.40681
414.13093
399.41502
386.88684
391.12186
386.6899
427.12402
401.74699
396.78502
450.03891
