509.48501
512.96782
551.53084
618.82496
612.88595
578.25184
567.76786
561.94091
545.88413
568.02678
537.42385
552.42515
517.48109
559.01694
477.73314
523.86999
527.75216
464.12396
481.1399
578.62997
473.56796
476.19319
481.06694
454.813
453.14693
465.95311
461.60102
482.98597
460.46686
457.89099
457.46303
450.62113
469.36488
458.70709
418.90001
406.88109
429.78406
484.06577
449.48101
459.80287
456.19822
441.78104
442.00611
447.96896
445.94288
461.54213
439.71705
435.10818
440.42802
429.214
653.88107
455.42312
452.80385
446.21706
426.72706
442.13796
436.77402
465.02805
474.17283
447.09992
443.645
458.50801
462.58283
480.70908
450.8729
481.59313
507.48181
489.97903
491.77814
508.65889
471.92311
503.86405
501.94407
476.15099
430.61495
467.45515
451.6201
427.1419
444.51189
432.00111
451.9949
446.21992
446.24782
438.60507
448.138
438.58194
443.18509
473.8729
469.58303
459.96809
455.47986
454.46801
437.98804
446.39897
442.74688
415.73596
401.18694
412.87208
391.28995
437.87694
541.8272
414.23106
415.88402
408.24485
390.78403
395.05315
421.86785
405.9968
399.55997
408.54812
410.86912
451.226
432.11913
456.87389
427.1121
451.83897
436.75685
440.51099
579.91505
470.13712
482.95188
466.72201
496.34504
482.46789
520.60103
468.61911
473.83213
450.02103
451.21813
471.5941
472.34607
490.6249
459.47695
452.96693
483.48522
457.07917
452.93784
474.1931
481.59885
460.95014
441.66803
436.13195
458.43983
469.84911
417.54699
430.11785
400.76303
429.76689
437.09707
452.636
618.02411
433.61306
443.9652
462.87894
475.24309
521.08908
536.52692
468.96482
483.2139
482.89418
643.61811
3084.69987
7005.25403
3566.26511
1321.47312
766.13617
524.72806
485.5721
456.71606
436.90491
426.85699
402.43602
407.83
396.92998
397.75205
393.41998
389.04405
396.11697
408.15997
396.33989
417.64617
429.31199
407.71413
426.63193
403.63383
422.0202
433.4929
382.63702
387.93921
391.75487
411.74984
464.19811
414.58488
443.49098
459.58114
436.17296
453.31907
448.49205
454.808
493.16216
