324.2321
316.62297
335.2921
316.87403
312.54196
356.66108
318.06588
313.694
314.02802
333.83918
344.29908
321.6691
329.69689
309.95107
320.19091
342.15999
311.70321
315.06586
379.03905
334.04517
311.92994
356.81105
313.7989
314.92615
390.29694
313.10081
313.3409
359.76696
321.14792
329.80204
352.97894
312.77919
311.05804
314.188
319.29207
317.57522
329.42581
309.57198
312.57987
344.40899
313.05289
311.46097
374.65286
317.84487
310.44698
334.90014
316.96391
325.43182
356.41503
348.00506
493.76082
340.16299
311.95688
309.52501
358.55293
315.09089
311.17988
310.17303
309.37219
314.81886
321.9471
309.22484
311.63502
348.3398
310.00996
313.79795
387.41708
318.80713
316.94102
343.88113
311.9719
315.09781
310.781
310.57119
316.19096
319.07797
308.4352
309.95011
309.03602
354.71416
316.1819
312.43086
363.19685
311.05399
312.27708
319.60011
317.31796
310.17089
351.55892
311.45597
308.99286
355.32999
314.73207
315.58013
339.75101
316.58792
310.50801
345.31903
313.64012
355.68213
563.65108
310.53615
347.53108
324.94998
318.78304
309.0899
356.91905
311.92899
314.41402
324.70083
315.43994
312.52599
309.62396
309.91006
309.61108
343.29104
310.55212
310.37402
333.65798
312.06107
311.04112
309.18813
322.05892
312.19602
322.81709
311.22088
310.06193
311.7671
333.73904
310.90188
322.90721
371.33622
319.68093
311.54585
386.06
309.29089
312.03103
349.83492
311.95188
315.804
324.69606
316.046
311.05208
341.95304
311.45597
314.20588
338.73987
346.56596
311.19704
416.75186
615.67283
329.40793
311.84816
311.45597
314.79001
319.73219
315.92703
307.78193
311.32698
320.83607
368.13593
357.41401
332.80301
383.12697
309.21912
321.9471
351.928
321.2862
315.35101
309.88812
311.87105
307.55091
342.14497
310.23192
310.09698
309.78489
325.19412
308.57396
317.01207
316.25819
309.70407
311.14697
350.93188
312.70409
313.41386
383.02183
311.32793
316.83302
340.7948
313.30895
319.69213
326.68805
309.29685
312.10184
316.28108
308.97212
317.53182
362.80704
325.22011
357.28693
