684.2258
740.81492
691.16998
717.97395
771.04998
687.86287
703.23014
674.00002
661.98111
661.01909
624.10593
611.46617
627.79593
614.65502
648.51499
739.93111
688.02595
739.06898
732.23591
739.69197
707.02195
788.01107
793.18595
740.83114
684.47185
683.4631
763.3369
742.24401
753.4039
741.0531
754.47202
775.78902
758.93688
866.98008
758.94284
748.92306
758.34799
815.12403
1397.89701
803.06983
1010.05101
1133.21209
1144.09208
1077.29793
1135.11586
1158.72121
1157.1238
1031.48818
1076.79486
1186.79118
1381.57392
917.08779
875.52404
787.42695
903.37801
845.73913
775.96498
806.88286
881.99401
848.02508
846.65489
770.92409
686.51199
717.45992
709.34296
817.65509
672.38092
681.46896
737.33807
693.84885
683.48002
670.13884
679.06904
659.5099
656.65698
640.38396
635.99515
665.49587
618.62397
619.1771
620.64385
663.11407
630.0199
617.14792
715.07716
657.95493
614.20894
641.26396
683.45308
636.549
688.89093
658.49495
645.96796
624.31407
640.36703
632.23004
615.65995
613.32512
617.91086
658.66089
758.20184
633.48603
640.78522
613.56401
619.18211
611.86504
657.26018
603.74999
597.04018
631.15597
598.65284
616.12988
570.19281
565.64713
578.59707
582.85809
598.83618
594.03205
563.25197
679.03495
700.33407
652.11415
636.13701
606.13799
594.16509
632.29203
621.10806
655.30992
579.87905
618.016
607.14507
674.97206
598.30809
581.532
657.56083
597.96405
647.70603
685.04095
681.24199
660.49194
642.98201
797.93787
669.01493
650.09713
609.15399
629.06694
675.0381
646.034
656.24499
644.49096
782.81403
610.63504
625.64993
644.02008
661.95512
697.74294
662.8449
674.38006
725.10386
721.81296
712.147
672.80507
692.24
738.343
813.32803
777.80294
811.02204
852.24414
766.53314
1016.289
754.84896
757.20906
758.38614
756.45494
725.09384
762.02178
744.43698
644.48881
634.341
619.38
641.62707
639.60695
628.36289
635.19502
563.5581
552.94394
564.52394
552.7091
568.90512
552.28996
561.445
568.05992
565.79709
561.16509
556.12016
562.33191
660.43305
549.91221
559.92198
584.81407
