541.08906
475.64197
444.18001
450.95801
462.39018
487.70499
506.22392
573.26102
533.47707
535.9261
571.31791
568.88294
597.0819
532.54294
549.23391
525.77901
535.5742
571.17295
487.59508
477.96488
501.57595
505.13291
525.78807
557.84202
523.82088
528.92399
607.40209
572.41488
505.68104
545.995
506.70004
508.68893
581.79808
483.71196
428.62391
456.14195
460.58893
456.89201
466.33697
436.38611
454.95081
486.76991
559.53503
521.94095
500.23699
504.57811
490.93103
494.74597
536.32593
482.08189
632.01094
613.78694
632.90691
502.17199
562.33716
541.02087
584.59496
570.12796
603.4162
666.56113
579.34904
629.67515
649.88899
637.9981
619.39192
603.52612
585.30283
607.03301
535.7399
633.01301
655.54094
653.03493
705.73306
637.4619
598.19603
628.12591
667.21606
613.19089
610.40711
554.91304
522.59183
569.65399
631.02102
542.77802
500.02003
521.40498
552.94585
559.70693
511.68203
490.56411
516.98899
551.83506
489.80498
527.73404
557.40094
542.61088
505.03802
528.72992
537.27007
536.51381
703.68409
559.81088
568.46404
568.97402
447.41511
492.30313
496.04988
558.87914
473.36507
546.41104
530.24101
513.16094
484.09796
512.57706
486.00101
518.39685
535.02607
511.621
470.4299
451.95007
451.97296
502.78401
475.71015
455.70397
448.95601
502.79403
497.02382
469.10095
574.33105
518.33296
514.60195
497.05005
481.89497
499.93515
469.35415
517.18593
470.01195
524.31393
519.85192
565.87505
512.11095
531.18801
660.7759
634.91106
614.84981
661.51595
720.70098
651.38483
675.11702
657.88293
800.55404
664.99901
624.00985
630.99504
581.94995
576.25508
612.75816
536.48591
572.24202
558.88796
587.23497
547.48797
492.419
581.15482
556.89311
554.98791
600.93999
551.28002
560.68087
555.53293
557.59597
546.06199
551.20802
565.37986
556.82802
512.57682
584.36513
560.534
576.22004
595.82901
595.90006
620.03994
625.15092
705.302
622.06507
645.59603
554.90804
613.30605
629.41003
598.03104
601.017
640.62214
566.20097
569.39292
582.68189
556.06198
599.159
552.33312
595.73889
966.923
