476.71103
456.60686
456.63714
456.75921
476.46618
455.70397
459.63502
478.31678
492.10405
469.82098
458.6401
565.94396
618.325
456.43783
456.58207
456.25401
460.49285
458.8449
457.13997
464.35499
454.99492
455.57094
462.42309
455.84178
458.97007
459.01799
477.92482
469.87605
462.59117
461.98106
470.88599
494.83609
467.95487
456.38108
462.76498
464.96987
468.09101
471.82584
456.52509
455.71184
475.75498
488.30914
453.80592
465.08694
458.251
538.66911
498.23785
457.61395
469.70797
501.45197
594.08307
467.68403
487.73789
508.48317
458.82797
466.60089
461.37309
470.10803
464.37407
491.80198
460.531
456.074
455.8599
459.49793
459.10192
482.512
470.48306
455.74713
455.70302
462.24022
521.21997
457.47995
458.86612
458.55999
463.28521
455.2238
506.60014
469.35296
456.23088
457.35097
522.84908
455.21283
455.80292
458.29511
458.53591
517.92502
456.32505
492.88106
481.74191
473.85693
462.97193
473.97995
510.8459
466.35008
457.88789
475.49105
475.05093
459.2762
453.81021
493.59202
591.57395
459.36298
458.34899
458.39381
453.30906
456.14791
809.91817
457.21292
457.22795
460.5391
455.35898
459.83815
466.23683
456.10309
461.48992
464.63203
487.22982
456.47407
530.06196
453.48501
500.59891
456.98404
454.97108
455.38592
465.36899
454.85997
453.59898
456.50482
456.60996
483.67405
456.27594
455.62291
463.22012
460.11496
456.13813
455.863
453.07302
458.64797
453.85695
457.99899
469.61021
452.88014
486.95993
456.08091
454.33998
459.20205
491.43791
457.13305
453.71699
524.40095
587.10408
456.32696
455.86085
457.71217
455.80482
459.70106
453.75013
456.34413
825.42682
454.97203
465.84415
494.63105
467.448
528.02801
463.0661
462.84699
455.35207
454.50091
458.3981
461.5562
458.25005
485.94689
960.114
456.8789
459.60593
456.59685
466.0871
458.51088
454.60415
454.10585
453.76611
456.84218
455.16014
465.28792
488.14201
463.305
461.2782
471.946
458.53519
461.11012
469.12003
455.47605
489.85219
456.01201
457.35312
451.00999
452.70085
471.61198
469.4581
498.16585
