862.84304
358.62589
335.68001
363.77001
345.97087
344.13505
398.17095
332.68404
364.254
349.02906
394.55509
379.89902
763.33618
386.36112
347.32103
338.95016
514.71686
422.33896
435.26387
403.77092
368.89601
390.65099
341.93897
356.87995
348.22202
348.43302
423.46406
420.55202
350.52204
437.14499
438.81822
351.94707
332.59392
359.40409
371.50908
362.82706
335.51216
391.78085
352.45109
357.023
320.32204
715.44003
330.39093
351.47285
343.54591
336.86495
362.782
379.53615
356.18401
393.87298
567.44003
352.51212
393.86892
465.64102
465.22689
362.65206
397.80903
352.65017
339.82587
349.25103
365.448
347.7869
351.77493
388.21697
340.76405
353.899
333.84681
365.25512
356.16803
352.16713
343.93501
350.43621
346.57717
391.76106
373.02804
342.54003
336.90691
346.07291
344.54203
336.30705
340.37995
365.10396
347.39995
361.34696
360.75091
382.29203
419.92092
341.27712
372.42198
391.02387
395.09702
369.9441
330.89399
360.1799
332.6149
328.98402
343.45293
322.21413
328.90105
392.72809
491.65916
385.15401
398.89193
352.8111
347.24903
329.2551
342.37814
346.55213
771.35706
752.97689
341.10999
353.06406
729.43687
357.31721
357.28502
357.38492
370.929
357.91397
354.31504
342.18597
332.40604
366.55688
374.77398
330.31893
357.17106
390.05494
356.87995
356.95601
339.70404
339.12992
352.4251
354.17104
335.9108
347.56899
322.65997
337.82101
347.21899
329.26297
355.03411
348.95301
339.07008
364.53104
337.40091
342.79895
356.69589
335.82401
340.37805
332.61704
325.39201
410.24899
689.88085
356.54902
396.04497
355.09109
349.72501
405.67994
343.12606
347.06903
340.93904
347.296
345.927
336.14492
344.95091
342.93985
344.77401
393.16511
394.89889
365.40604
352.92721
380.42808
342.13209
350.71111
333.14705
359.42698
392.55214
752.30789
440.50193
353.27411
365.03482
367.89608
338.96995
349.67089
346.4148
348.78802
339.58912
342.53788
383.636
342.32998
348.12808
336.45701
338.19008
334.54394
336.41505
338.23514
431.09703
467.48614
394.93704
373.53683
353.65605
377.05207
