336.66301
367.99383
362.07199
381.05607
461.98201
370.07904
346.946
380.90706
356.9181
401.0241
357.07402
370.06903
342.40413
374.47882
397.10402
351.94302
357.8229
334.45692
465.62791
400.95019
427.145
357.11598
545.89295
495.02492
412.85515
395.15615
357.86796
344.05923
358.03413
348.53292
346.22598
390.41495
358.07395
337.09502
373.79789
428.01404
450.34003
419.66796
687.0749
757.51519
934.02815
956.64883
804.05998
925.06504
850.98791
875.875
932.14393
810.04405
792.90605
872.26796
888.85903
724.19786
835.77204
763.04007
1088.37914
832.99303
403.80406
394.16099
355.63898
392.91906
367.42687
384.07493
389.96792
382.0169
358.92701
401.01099
345.05105
348.93084
382.20406
344.76089
393.01801
390.50198
348.12403
409.80697
383.19302
452.22998
345.02602
343.12391
372.87116
348.04988
390.91706
495.00299
388.94701
410.73704
678.31111
372.04695
364.92085
355.01695
411.11398
396.9171
362.50591
389.47105
350.87609
352.03791
398.12207
398.96202
364.9261
434.96704
342.06104
382.33209
493.66498
378.06916
411.88693
414.48998
356.48298
452.03495
379.812
379.28009
397.62402
381.54912
368.66498
376.40309
369.80796
335.50787
397.44496
349.7889
354.182
394.12904
339.80107
346.5569
357.53107
387.74991
416.33701
374.94588
431.84114
352.27299
426.77498
356.79507
368.89195
368.7582
393.19205
395.36309
378.15905
392.92312
420.72916
384.57203
443.13502
408.09107
402.41814
409.14202
385.29301
416.38303
423.98691
439.90993
441.58792
406.75807
391.03603
396.75903
404.01602
475.30293
543.89715
473.61803
368.98303
364.40396
489.39705
389.62817
358.17814
500.21291
418.27202
422.4968
373.04807
364.78305
349.93505
379.39405
345.55912
396.14797
374.76993
380.26786
409.54113
345.64686
436.6591
360.87704
390.0528
521.72017
563.65204
406.89778
394.12403
429.92687
420.62616
461.71284
387.37798
410.82096
396.10791
474.74599
442.75999
401.62301
398.70596
420.33887
379.78888
421.23604
433.86984
414.53314
402.85301
383.56304
524.21594
424.9661
378.31116
395.77794
368.922
376.22094
