479.34794
466.44497
480.05009
459.82003
506.24585
480.15118
538.67698
465.2431
466.34507
462.25095
541.66293
495.36991
477.82302
477.60916
471.59123
465.54613
490.53383
463.88793
462.83603
460.87289
462.33106
467.10205
492.22612
542.34099
469.36798
468.44196
464.36906
465.50488
464.47706
482.97191
463.87792
482.07402
459.74898
488.60002
463.47785
470.35503
485.20708
488.98005
464.06388
463.82499
475.47698
464.45799
507.91502
492.72609
484.2279
483.7451
500.84591
567.17682
475.58618
527.54807
717.26799
466.16411
492.4109
497.41912
507.9751
586.79795
486.45496
525.30384
514.76002
584.03015
590.05213
646.65294
668.5431
720.62182
709.39493
634.3112
636.26099
687.11495
705.21212
711.84802
679.87514
790.79485
772.42517
752.59995
659.53612
696.92016
678.48206
631.34289
624.06611
597.93305
900.37489
791.57495
576.39813
570.89591
484.12395
528.82791
588.15002
626.04904
466.92181
519.62399
487.33711
550.53711
552.23107
515.76114
473.12498
569.489
462.59999
494.29488
487.13303
502.28596
607.44882
477.87213
488.3039
465.07406
460.13713
466.35485
470.84904
477.00715
467.45181
462.96906
507.38192
491.70208
500.89002
527.20904
475.42095
489.05897
464.50996
475.10505
466.35818
459.63192
470.33286
531.42595
467.09204
500.88692
469.8379
533.96201
489.80999
463.65309
474.55597
479.25091
541.58092
478.12891
469.92207
472.52584
460.43897
469.81597
493.12901
477.88501
473.69814
508.73685
498.07811
486.47213
529.32692
461.25102
467.11993
497.05386
652.529
599.58601
588.24897
564.81791
604.11406
467.36288
503.58796
464.31899
464.50615
461.7312
461.01403
544.71493
463.938
482.11908
456.86293
529.953
479.671
490.98802
514.22095
470.61682
484.46798
477.75102
469.52105
465.69109
491.39094
544.42692
522.36104
548.10715
502.93112
474.87307
458.59194
459.75494
476.72486
468.95194
461.40313
464.82897
461.14683
460.94298
459.49101
540.47608
636.09815
487.86592
516.59799
467.71002
477.5908
459.01418
464.47706
466.59613
515.19608
465.59811
582.443
485.09097
540.93218
508.92401
