815.50002
501.45388
513.95106
514.78291
493.59608
394.84
395.76411
390.93089
380.481
392.77601
412.54997
411.99803
400.00892
384.53102
378.65496
388.70192
474.39313
476.83907
382.16496
386.80315
372.13492
423.78807
400.27404
445.72997
396.87181
399.90997
398.16308
424.23391
406.74186
396.2822
384.66191
379.65798
395.37811
389.68301
395.86902
417.8791
400.49982
400.77806
409.38401
394.20104
400.32721
389.69398
404.006
397.67194
415.00282
460.84094
510.20503
501.18113
520.34092
454.97298
563.11393
391.35098
788.86294
507.39717
396.91901
409.23905
376.24097
446.66004
406.74186
444.25011
397.75801
477.50211
418.22791
425.56715
452.84796
413.625
432.71899
404.04606
527.33493
402.11201
439.98909
462.77595
463.44519
516.96801
478.98197
482.72395
456.11501
436.1062
429.25596
419.24596
462.6298
468.69516
431.99396
464.02907
463.85694
386.89017
461.46894
528.80216
457.03006
831.146
450.36197
480.44991
440.624
443.75706
445.25504
439.09717
511.45601
443.115
480.30806
489.55703
614.58611
391.66093
385.5381
387.23397
382.53212
396.92402
347.59212
377.60592
405.4091
394.27996
937.21604
1306.49614
1918.53404
888.65113
1556.08916
1446.78903
1640.23781
1257.74097
1369.11988
788.00488
634.13501
388.94296
432.21784
394.00291
543.08701
549.77822
419.276
400.01488
467.61203
439.749
422.96004
442.28911
430.63402
418.6399
386.39617
378.88694
394.13309
401.0489
387.13408
381.30403
416.48197
398.17786
422.11509
380.74398
426.03707
460.46209
398.911
414.24799
375.55194
435.12702
560.70209
394.21201
404.65188
388.78202
399.0109
411.77797
432.74593
413.03706
445.35589
407.66501
371.99998
385.2551
403.65791
395.77413
405.00093
405.42912
403.34916
408.03695
384.48906
401.56412
410.03394
403.06807
386.30009
392.01999
426.0211
429.87704
437.09111
381.44279
408.108
409.80196
407.01509
436.49697
404.49595
386.29007
378.00002
424.37696
394.28306
356.32515
434.60798
445.34302
402.32396
389.44411
392.56215
387.77304
414.04796
409.163
377.87008
425.37808
403.6119
444.16499
