362.11681
336.63821
350.02899
352.18215
345.93487
354.05993
343.55402
393.15796
346.68589
350.1699
349.40314
332.4101
359.69496
340.8978
351.53317
378.6881
345.0191
345.95203
339.43486
356.80509
354.63595
356.30202
339.94699
352.89621
343.80198
378.79014
344.69914
345.18504
351.15886
358.79087
364.41112
352.63491
374.68195
336.29298
355.19099
359.18999
730.49784
364.37106
359.50613
346.30203
358.08802
349.48301
353.70398
361.02891
350.4281
398.93985
372.87998
368.66093
346.67897
380.63407
503.36099
353.64509
355.29184
346.06099
376.53899
347.54491
737.35499
354.52104
337.92686
356.37116
339.14185
342.52906
355.52907
347.57185
382.12109
343.0469
351.8219
338.77897
357.68485
337.09812
347.368
358.07991
367.04397
364.03704
353.90019
368.27493
359.92002
371.32788
361.93991
354.26497
359.14803
342.92293
783.82897
356.85897
370.21112
356.82297
357.74493
354.59495
353.3802
377.89297
342.93914
350.01993
355.92389
352.81515
357.40709
353.18995
350.18802
329.3879
372.56193
375.85807
522.61305
338.99498
340.97099
349.50304
363.27386
372.5121
383.88205
387.30097
360.50606
357.46121
351.26185
356.54497
352.11205
353.86086
357.92494
359.21407
334.73802
360.93998
341.71295
346.79198
357.62691
337.24809
350.26503
347.90015
349.70093
359.17997
335.80494
350.83413
357.11479
335.70814
359.761
338.54914
381.93107
359.49612
394.28592
362.60486
410.06398
395.44511
340.13796
367.66791
348.81687
360.65507
387.5339
377.53701
349.159
359.02905
394.44685
351.331
399.22905
428.19214
548.90919
354.12192
360.41498
352.57006
327.19302
385.1018
334.692
345.27493
393.02993
360.44216
400.98882
375.18501
355.82089
348.88315
540.37499
352.25797
376.68705
361.25898
346.43984
399.30391
442.065
396.29102
419.89589
366.38403
348.5682
355.66688
327.56686
374.789
338.03201
339.31494
353.16205
347.82696
355.38411
351.45593
358.4168
348.79994
396.53707
352.11802
403.80502
349.69306
339.67209
355.56221
348.36578
366.41407
425.30107
363.49702
364.44306
368.15906
335.1469
393.25905
