356.19116
423.85697
338.63997
376.07884
352.27799
340.79909
386.04498
358.52385
380.06496
390.70702
335.05392
341.07208
392.17687
349.13611
376.42002
347.44501
368.89315
349.66707
397.42517
383.36587
353.79791
370.15414
420.56799
351.26495
349.38002
375.97919
666.44812
549.5708
355.06415
385.76293
355.52502
346.18998
406.42095
358.11591
386.43503
436.72585
364.79592
436.52892
384.53317
366.2529
451.25484
355.67498
401.28303
389.63509
369.78889
455.09505
368.39604
400.33293
436.445
748.08002
512.568
355.95107
354.66194
347.89705
383.30793
352.78392
371.3181
372.7529
349.53189
416.008
410.29501
353.27005
414.41202
364.16292
390.54608
397.24994
364.52103
368.44397
353.266
355.08704
453.48692
367.65289
419.90399
377.98309
360.81696
372.94102
350.01421
347.30911
408.01382
355.7651
349.32208
352.02599
352.83899
397.88318
364.01105
348.44995
363.77311
375.55099
376.79005
380.50818
394.26208
407.3329
397.98594
349.54691
382.01094
350.79503
362.82802
377.98095
375.19503
418.69783
517.36879
368.03722
385.45823
380.20682
394.80305
352.50783
351.94707
397.93301
364.01105
341.56299
350.78907
368.31379
410.62307
374.52698
359.03001
345.80493
421.525
343.297
375.41986
378.38197
368.93702
377.54393
343.78695
364.42113
341.91298
365.51809
415.92002
348.53005
338.91201
372.81513
351.27783
404.92892
376.98102
352.83208
392.14182
376.15013
343.44506
383.51011
360.80813
386.16204
405.73788
370.9259
431.86498
365.80706
350.41094
731.86111
396.49701
372.13492
422.03808
448.71187
527.98295
389.7469
353.81508
351.55702
371.50908
352.68307
419.15202
372.23983
427.52695
430.87602
367.04803
385.16402
345.54005
360.27503
364.57992
391.51692
363.26504
346.47584
358.86002
336.74908
375.63086
366.40406
398.04006
400.00796
410.14004
371.42611
357.26094
438.12895
387.27093
350.67892
376.77002
349.18499
371.40512
422.74904
582.68714
626.90902
520.57719
419.11507
407.99594
452.49104
335.79707
385.31518
414.48593
354.02489
478.40714
394.25993
392.39502
425.76885
354.37703
406.35896
