384.24897
378.51191
381.90198
424.43681
364.88104
363.87682
396.80719
371.75894
364.75301
374.30501
345.98994
406.67701
379.71783
355.45492
386.89303
378.13306
352.3469
356.02617
358.67596
343.91618
340.29388
354.19583
416.31103
343.83893
366.09602
366.87112
364.4371
413.24592
378.38292
390.29622
379.03976
369.76314
417.14716
372.28799
360.78787
361.78899
374.14098
361.835
434.85904
373.03901
365.53693
377.78306
383.49605
349.45893
358.26492
374.57609
367.14983
371.40799
414.91389
378.51214
537.61601
363.57999
390.08093
470.22486
348.26612
334.3308
470.69383
364.41207
406.03709
383.7738
382.89905
406.40402
374.28594
400.49386
389.45103
379.51398
444.33808
378.71003
399.91403
376.25599
385.13494
427.26779
381.75201
441.62607
370.53895
373.21615
391.22295
380.6808
388.29899
802.20485
395.57099
399.24884
456.12907
416.66985
380.62501
372.88809
387.59089
351.79901
391.1469
399.61982
398.18811
375.64087
383.63791
420.24994
409.42788
427.63209
403.40304
421.94819
432.31893
472.38898
688.12919
393.41187
414.35695
393.01109
372.72811
352.98181
755.69606
377.99597
385.28705
375.8111
369.89522
413.49578
354.55799
383.52394
416.13293
403.66912
414.3579
348.93703
367.90991
434.60393
381.55699
390.028
360.1799
396.01588
362.02097
371.07491
362.77294
366.40501
377.66409
413.553
355.53503
424.42298
481.77695
673.85101
505.73397
362.77986
416.37015
376.66202
396.77811
368.155
366.59193
355.11398
376.82486
379.48203
404.54507
413.36393
377.43187
362.28895
388.78894
527.68612
562.93702
431.01192
404.10304
385.66899
372.17999
354.53296
439.99386
379.39811
380.80597
363.26694
386.29103
397.11094
384.04703
389.534
380.39708
363.82294
407.84693
389.2858
366.68205
410.532
379.74811
364.52913
342.75794
348.90199
413.22517
373.66509
362.92601
407.99379
376.90496
374.80402
432.38497
388.12304
426.86081
420.05301
424.36004
378.407
410.99906
443.16387
389.36806
391.78085
391.17908
405.50208
419.15703
386.77287
413.22517
405.92504
403.759
425.16589
384.54318
488.76595
