1407.09209
1376.95193
1487.90693
1505.67889
1504.02498
1244.86995
355.16214
342.82708
338.17196
361.22012
352.15998
418.96105
344.54584
346.45295
389.26601
350.41499
350.19088
393.10503
339.22505
411.50594
355.14593
337.30602
367.56802
350.64292
356.44794
389.76908
392.62104
354.34198
359.02882
347.8961
341.20989
419.23499
456.37107
473.75584
421.88907
444.48781
396.11602
363.27004
362.16307
336.47609
345.56389
351.77112
333.04501
337.79788
346.79008
337.48317
390.62691
428.11799
360.42595
399.12987
488.8761
365.89909
354.75302
361.59992
351.51291
347.44692
332.42202
415.03
377.67911
354.01297
342.14497
345.22891
396.01111
336.31992
353.15704
363.78288
350.81005
338.66191
345.69502
338.26995
336.96508
332.654
347.81313
336.31706
430.70006
362.60104
350.77715
340.44886
338.05299
376.03402
332.65781
332.3462
344.88416
336.57289
336.7281
348.3758
351.71318
380.13101
343.29891
350.29793
347.89586
368.31808
338.06396
346.89903
348.77992
346.21716
353.80006
380.03302
347.42999
377.0349
507.69401
334.60402
348.51789
335.93011
337.56089
348.032
338.05895
338.81402
355.61609
335.48117
341.06016
689.38589
412.56499
424.03293
346.04907
504.83799
340.72495
362.24604
473.62709
356.63795
456.21395
368.8271
387.77494
341.81094
352.89288
335.29902
399.03307
424.03293
379.97413
344.98405
374.98808
361.18388
360.425
354.67291
400.77305
364.42709
373.50202
341.06684
349.70593
346.58813
352.05197
389.81795
360.41689
344.72704
342.13901
367.51986
344.96403
339.40411
339.99014
417.97709
472.72396
340.92188
344.04612
333.30393
337.33988
372.25199
388.38005
366.57
387.51888
381.69408
340.88802
345.17813
350.3139
401.24798
340.801
397.79687
365.75198
369.66896
380.80192
355.92699
424.50595
412.37307
359.58195
336.67588
338.14096
333.46701
345.16215
389.13298
416.39185
427.37699
344.92993
357.06711
384.85909
350.05903
454.55194
404.73795
412.15801
450.55795
429.14104
342.20886
356.41122
340.42716
371.50717
383.69989
335.15906
334.65505
342.82017
350.05307
397.00699
425.71282
