352.40817
390.98287
321.45
316.82205
426.24807
305.23705
343.02306
321.36297
311.07306
324.18799
310.72187
342.94581
326.67422
318.20083
341.53581
312.97302
310.31418
372.72811
375.5579
340.91282
322.94703
325.31404
331.43497
340.9369
321.29812
310.96792
336.28488
321.99812
318.44807
333.41908
330.26695
324.53704
327.90709
320.44005
310.63795
328.63784
311.71107
320.96601
342.86189
318.20893
327.93903
315.67121
321.18082
324.72301
323.66395
322.42393
331.18701
328.67098
319.82088
391.91413
1038.43808
332.50308
332.41916
313.1249
323.25983
313.5469
325.30713
312.5
332.04484
325.93298
316.24985
333.61101
311.56588
318.35485
331.24995
354.68507
331.08211
327.75307
318.35699
307.18017
321.95401
334.92994
319.05103
325.06895
310.323
313.45415
322.65997
315.82999
311.94711
334.81598
350.61407
362.95795
334.18393
752.44212
373.76714
349.20597
309.68189
317.56186
340.90519
310.4732
323.25983
316.59818
319.31186
331.9211
322.32308
323.47512
317.66009
333.17304
320.09411
371.45686
643.08691
346.69614
323.62199
312.217
331.04515
322.53504
316.62679
312.37102
321.20705
322.86906
324.63217
384.13692
333.58884
321.16199
322.34192
319.71502
315.4211
323.18091
321.56396
326.71785
315.13309
319.21697
313.694
307.69491
334.91802
376.91998
365.89098
374.78423
317.81387
427.37317
340.17992
329.55098
316.72311
321.94591
337.61215
309.62515
318.97688
323.99297
313.04598
323.86208
312.94894
339.5412
317.21187
318.67599
319.66996
319.66305
314.19802
351.6829
320.98913
393.27002
487.20288
340.13987
327.29793
399.79887
318.93897
341.03107
322.54601
316.11705
317.90614
322.69907
316.16592
336.92503
355.20411
351.30191
348.7649
321.04611
309.9649
324.682
318.98999
317.75999
325.70601
331.1789
337.78
318.41683
371.31095
392.54999
316.02001
338.46402
317.559
323.1709
310.71591
333.82583
325.48594
316.22386
312.47497
316.52713
331.73108
685.40311
323.37999
365.03577
407.23181
405.66683
315.06205
342.42296
320.2939
330.43408
320.42408
316.84899
326.19905
391.87813
