344.12599
328.336
331.88701
330.724
326.20883
323.60101
330.56808
325.27804
325.18196
362.42604
367.21802
404.81305
360.01015
328.48597
326.53809
323.9181
327.55303
336.57098
332.98707
329.16403
327.76213
337.04686
333.33588
328.68719
326.11108
328.88889
330.9288
334.15103
323.85898
333.08196
347.32389
326.63417
329.08916
334.34701
335.58106
407.07994
373.51298
340.97886
325.50097
329.041
330.96194
333.2541
325.51384
331.23803
328.4359
336.14111
327.64697
327.33393
326.70689
362.10203
468.05191
341.86292
327.08001
324.929
345.38388
326.69997
328.97687
328.21393
328.89104
325.48308
332.50904
333.02498
327.05188
336.941
521.15703
345.87002
328.24206
342.85593
348.48404
327.39305
335.27398
329.95701
328.83883
326.15519
328.79305
330.11508
327.26288
364.32791
368.30688
342.06319
334.29909
333.92906
348.85979
336.99012
337.09288
347.73278
328.22204
333.08101
330.02615
328.91083
330.19495
329.85711
332.87597
327.528
344.77997
333.29391
327.78597
337.96406
325.12903
361.22298
464.02502
349.74289
329.02694
332.057
328.94397
340.07406
368.89195
400.01798
347.05114
341.14003
325.86098
331.91299
343.04595
325.93894
330.08099
332.407
329.54121
329.98204
340.14201
324.84698
324.13793
325.81496
337.13984
330.91521
332.28898
334.74612
365.98706
377.02107
329.38814
351.75085
330.85895
336.08007
330.23787
329.74601
335.13618
334.9638
362.813
367.02704
330.97792
327.65889
322.5491
327.44193
335.19697
350.41904
335.01005
326.16091
337.919
335.93893
332.05318
358.99496
461.11703
339.95795
327.43382
337.6472
343.28008
559.84998
343.90283
328.07612
380.94091
399.16897
347.99314
415.88998
360.93593
341.01486
336.25007
339.72192
332.07297
331.5599
332.39007
331.02703
340.49797
330.477
329.17094
329.29683
327.76999
332.18503
328.70102
336.92002
325.16098
328.86386
332.06916
326.18403
326.81417
329.93412
350.14606
341.84098
331.44403
343.11199
329.85187
328.03202
364.33887
400.25401
341.76707
332.86405
331.88581
339.14614
342.95297
363.32512
340.64889
368.10899
