351.12309
347.965
370.24999
351.67098
346.66109
383.37493
360.09502
351.86815
347.24212
334.09715
365.134
398.19098
350.2841
349.04289
337.82601
361.7661
396.00182
351.59898
365.64016
339.63203
338.48
339.5021
347.95904
340.07001
346.11607
383.03709
402.53592
351.51815
345.46685
344.90991
348.67501
357.19895
430.70006
413.02705
418.26391
456.85101
371.67907
350.77095
363.52515
395.95699
404.96492
383.05998
342.06891
351.85814
388.80992
349.26605
421.78011
386.33204
457.9289
379.93503
499.42398
358.80303
355.56006
376.89304
392.04597
335.81614
369.23885
337.93902
367.63692
346.54593
336.98511
341.79306
371.14596
339.94007
342.62896
330.22094
339.54
334.94115
338.5601
333.29296
411.86905
392.04693
378.65615
378.65305
357.23281
346.771
368.2611
358.65402
415.23695
398.55504
344.60282
340.27314
370.58806
398.07916
398.06581
367.15698
346.17114
346.524
346.99988
343.83798
423.75302
372.04599
408.63299
403.7478
364.14599
402.48513
409.66392
459.69605
417.49215
404.86693
493.36815
406.19516
501.2331
400.09499
387.91609
338.19294
371.22679
341.97497
365.27014
405.23505
355.46279
368.28589
400.86794
343.07718
411.13091
360.09812
336.47203
368.93296
395.18404
367.67292
361.84502
335.09612
379.37188
369.05694
426.83601
352.33402
393.45098
374.38321
345.53885
360.80694
358.65021
357.53393
399.63889
358.80518
355.30782
420.49313
364.0399
391.41011
359.64799
398.16308
355.67188
374.88103
394.03296
345.45112
371.63901
370.17894
382.04718
353.019
343.33396
417.07897
482.23591
360.16321
362.26487
380.48005
375.72503
425.79794
354.68197
375.37813
393.81385
547.76597
407.89914
410.95495
428.19786
345.52097
354.37608
366.38498
346.58217
358.64496
443.41207
356.2181
364.76088
341.98499
376.37806
374.80617
404.62589
365.15594
554.35991
412.86516
361.88388
347.61405
349.88785
399.76406
497.94698
421.79203
401.01004
409.88207
357.07498
411.36312
363.54685
357.51796
365.95702
341.95304
350.01206
393.86606
371.346
397.59517
417.54699
370.77904
394.238
481.69613
