379.22215
375.03004
356.51088
382.14993
368.78014
398.75793
357.867
431.19502
395.1509
380.059
371.50002
387.12907
357.08499
347.646
383.8892
350.3921
340.42001
370.89205
380.00512
420.64881
364.11905
379.24504
367.71321
375.05817
363.93595
379.251
384.75704
373.92187
370.80789
379.15921
372.26582
377.141
387.68601
380.50795
380.50699
424.13497
391.08396
388.62205
370.01705
392.77005
408.92601
389.51111
369.26985
451.99394
384.26518
396.18611
447.263
364.78615
389.50109
428.86686
546.9501
404.62804
382.64203
396.68584
455.724
400.7771
372.38789
365.52715
379.34494
395.72406
378.53599
389.58478
399.49203
401.74913
378.65996
408.01907
378.76105
395.16497
338.83905
395.24007
370.52608
358.18696
419.13605
378.25918
384.19986
412.39405
401.51596
368.38889
452.58808
353.52683
463.27305
401.75891
415.74407
386.29484
394.02008
373.31009
367.42282
388.11612
374.05396
378.91293
383.23402
373.21615
369.09103
398.33117
372.90692
370.16892
403.14794
374.17412
374.37606
404.96898
543.50305
375.64492
367.67197
397.26996
382.74384
367.66505
367.83004
393.1191
380.53989
377.65002
359.92193
370.69702
361.90104
377.49887
355.67307
409.26194
395.6821
364.77399
398.74196
354.846
417.49001
381.39415
368.16716
335.32691
367.01083
367.67602
366.29891
381.80208
374.02582
389.07814
358.46496
746.7289
378.88813
385.78796
410.25591
375.55599
360.67009
371.16504
359.78198
383.13317
372.81394
392.64297
367.90204
381.63805
365.67378
371.15407
392.42697
414.747
386.29889
411.38911
587.20183
499.92704
516.33978
492.81001
478.98889
372.74122
376.91212
388.79395
380.79286
374.0449
362.63609
377.55299
375.911
365.74602
361.68313
380.45692
353.38688
376.39594
392.53402
366.98008
372.60604
366.1449
379.16207
356.43816
375.05412
358.60991
397.83287
462.56495
394.79303
361.54294
375.77105
362.31685
428.2341
375.30994
357.91087
383.40497
376.75285
373.30604
360.9159
372.67613
384.79996
425.11797
418.47801
386.70301
370.00108
386.78098
355.69
405.25699
361.17506
410.84504
