522.6059
504.15802
509.45401
507.6139
508.37207
589.90121
501.21784
612.70404
509.36604
509.06205
506.27995
498.98601
503.99113
610.08
590.08288
532.52077
652.24481
606.06003
505.21994
544.74401
638.95702
504.07195
501.92904
500.08607
501.06502
507.93386
501.02401
507.0169
502.95901
498.01016
501.08099
510.41102
500.51689
599.28703
503.76797
527.93694
513.70692
532.58514
504.02904
516.00695
507.01499
500.92793
645.12491
510.04314
508.76594
499.59493
509.70292
499.6922
501.25885
536.42988
649.63698
501.81508
505.67102
499.38893
499.3279
547.96004
499.93181
639.26411
562.19912
507.19595
595.51311
513.21793
501.62411
500.28706
521.73305
496.70291
497.9701
500.54502
504.37999
501.83702
506.85
500.43988
513.45921
517.95316
520.19095
540.14993
511.51085
553.42293
576.4401
504.94909
602.51498
528.68795
586.43508
500.81491
505.23114
552.28877
518.07809
515.49697
512.41994
696.37704
513.53693
526.74294
501.17302
500.37885
497.19501
499.58706
502.57397
502.48599
499.084
538.96809
736.01818
611.91702
500.97489
500.92793
523.23794
501.04499
501.72091
500.09108
503.46684
501.41907
499.98593
528.19014
530.58195
504.82011
502.13599
500.77391
558.49814
499.78805
505.01084
515.908
506.72317
604.89607
544.96408
528.8229
508.93402
572.55697
515.37299
499.14598
503.85904
632.02
498.67201
499.97997
503.97992
499.98093
500.17715
508.62098
503.42894
498.98696
500.9129
506.639
510.16092
501.88017
510.80894
556.30708
504.82917
501.71304
527.06099
516.58487
528.69201
556.4301
649.62983
509.21702
600.42715
504.07004
503.57389
611.18102
611.70912
505.63216
500.09012
503.20983
499.92394
500.23985
504.08387
506.3529
504.29392
506.50406
497.473
501.95813
502.82788
584.04207
602.13614
568.21084
502.92182
509.97615
499.82595
507.61795
500.18311
501.57595
499.33505
507.46799
497.44511
520.59317
507.32088
499.2342
516.55889
517.76695
612.36382
504.69494
551.3289
575.15502
504.33898
509.67503
499.11904
501.35016
500.95987
497.20407
667.36102
507.56311
503.63111
536.3481
