475.8718
414.94203
355.34501
445.84203
412.48798
340.46698
398.99898
464.54215
347.23091
393.81313
351.2578
322.9661
343.51087
348.37317
368.24417
348.04296
338.17482
382.17783
326.94197
336.84111
338.88102
398.42606
431.85711
423.8708
488.8401
415.78293
363.68299
435.19688
341.95113
413.90586
527.90093
487.988
340.40308
383.55303
368.06178
403.34916
514.89902
734.64894
1046.00906
749.58706
794.45195
723.45209
807.99103
612.34999
761.307
733.69908
735.57711
742.03777
753.0129
735.00609
1214.40601
639.88304
796.48399
672.10507
709.55801
706.12097
587.48698
584.69296
732.66506
773.21911
702.64101
605.72886
803.40505
1087.80098
575.46401
1632.84302
1268.73398
773.98396
666.96405
696.36679
825.29998
773.26417
777.02284
453.55487
764.88209
1084.74302
543.86497
833.91881
825.88482
1172.8642
742.67292
566.11705
1327.7688
872.86997
1047.55521
859.62796
1275.30599
969.09404
810.37188
1027.7741
1150.11883
952.68202
848.58298
1203.75204
1620.4989
734.53403
733.88815
738.96003
1286.11803
1045.45093
1026.11899
736.6581
1246.75679
1121.37818
793.8931
644.40799
919.62695
1138.03101
1071.21515
734.73382
779.18506
690.35506
734.88498
1371.19198
849.54309
753.46708
792.4099
1004.23503
1557.25694
1292.80996
838.29403
1287.00304
1242.13195
833.91905
944.86094
895.44201
997.22815
770.16091
733.13713
761.64603
733.09302
815.10878
1370.35918
758.18896
633.34894
647.01486
777.24719
740.00096
734.92503
698.02713
790.95697
731.58884
614.42614
518.77189
828.73607
643.53299
764.78505
814.394
659.98793
809.89099
1054.01397
673.84791
696.97809
657.26304
1113.49916
538.67197
713.58109
627.00701
807.34682
813.79318
763.84497
734.26008
718.41097
739.27593
773.43702
751.20997
1244.04192
588.96899
731.48298
993.56413
638.66901
667.61684
689.71491
644.29712
574.93114
701.65896
1897.91393
683.58016
678.97606
865.39602
652.20404
775.57898
722.63908
777.27413
752.80714
641.74294
783.20289
684.71885
712.33892
653.66387
839.97321
763.09991
819.95916
855.10993
1062.21604
590.67297
735.49914
737.15091
819.24891
713.95206
