581.52008
552.64497
637.73799
558.15315
552.984
955.09911
611.13381
566.53619
558.70795
577.41499
546.46802
559.59916
561.21778
560.91905
571.79713
553.92694
559.03196
579.08607
555.13215
559.3679
975.44193
601.51505
564.15701
581.94089
548.41805
564.30912
558.17914
552.41299
566.79583
554.71802
551.53012
568.81499
563.20095
968.32705
584.44405
564.10885
547.9691
548.15197
556.81109
554.18086
546.41795
549.85595
572.5441
551.25403
983.54602
550.14586
599.88308
679.23999
643.14413
639.84299
742.20896
570.95885
567.87014
546.84997
547.82009
570.56284
549.26109
572.05391
565.23299
549.25299
571.69795
572.38507
1001.3299
656.65793
551.69606
547.72615
606.12988
558.26497
574.20516
561.37586
579.06604
550.54903
602.25606
680.04012
561.90991
599.1509
615.273
606.80103
639.63008
554.142
609.91096
557.45006
578.05109
565.39893
557.20615
569.95082
554.88801
557.18994
988.94906
555.02701
559.68213
586.65895
610.55017
549.582
572.89982
576.42508
556.90098
559.08394
920.86196
624.42088
716.94994
551.67103
550.31419
555.17387
565.80496
547.28413
559.8011
567.82508
555.73797
566.71691
560.47797
545.17102
549.6912
545.77208
553.73096
932.10101
557.10411
550.87805
549.01505
547.99294
547.54686
545.81714
544.19398
537.93883
616.88614
548.07401
595.31617
547.01996
638.40604
526.65997
521.30008
568.57204
547.31393
524.24002
535.53796
525.47789
519.81807
523.21792
531.4219
523.32401
525.30098
551.68915
527.07982
525.10214
516.34812
538.26189
559.59892
510.16307
513.62801
562.25204
713.87315
523.79489
568.54606
521.00897
510.34093
515.66911
524.69587
570.16706
527.704
552.33312
537.95004
509.93204
516.07585
512.34889
516.42108
528.89109
521.49391
555.60303
592.40699
535.84695
563.06005
622.49613
597.44906
536.901
533.66613
554.07095
537.22286
570.41311
598.037
535.54201
523.70501
526.11995
526.4051
538.56397
597.39089
623.30794
597.87011
519.06705
521.23809
530.43795
512.20298
521.07501
516.5019
543.26105
513.83996
525.06804
519.43016
514.0698
513.75413
576.48706
