529.48904
537.29892
510.69808
556.41294
535.82191
526.68619
594.79189
508.45289
529.94609
535.96687
882.52616
609.60293
512.20703
584.83195
610.72803
523.03791
593.23001
811.2309
572.37387
564.04185
547.41096
547.40906
539.72101
592.01002
528.20897
517.46106
526.088
567.14201
526.57509
528.86009
515.82909
545.04895
582.39698
595.68405
543.26677
523.6671
532.13787
514.57214
567.54494
641.63494
562.73293
567.13295
519.25898
552.72222
524.98722
665.49015
538.82194
560.70995
571.872
575.67883
725.46887
516.119
533.55312
517.1988
521.56901
526.4101
508.85987
523.79203
502.98285
530.43103
512.25495
550.00997
539.1221
574.91493
527.97699
538.234
543.45202
508.58903
589.22386
518.77499
567.29889
525.41304
895.56003
520.0572
901.77608
542.23514
524.96791
542.59706
588.60993
521.39401
536.37195
535.98714
519.28592
520.15185
518.75496
513.00907
548.51294
529.99711
520.04504
524.97005
538.28692
526.23796
523.21696
597.63908
524.35088
521.64006
514.77194
518.39209
535.57587
576.86591
1100.82221
523.33784
541.16511
519.19103
559.22914
581.85887
526.08395
588.64498
540.95292
522.34101
664.3889
615.52191
586.76314
519.2399
528.04303
524.32895
522.96185
554.03614
537.33706
527.42791
530.94316
526.22986
526.15809
525.36702
532.80592
524.21498
537.82105
517.42601
536.71288
518.45002
520.69998
524.74189
526.39723
507.972
539.07299
516.20317
521.60811
525.40994
524.21594
520.55001
525.33484
520.97011
537.81581
519.40799
521.57903
532.59897
522.1839
519.88506
525.65598
586.23409
733.77204
525.9099
536.0899
526.17407
512.58183
518.58616
546.5889
560.55713
533.4208
524.94717
517.102
512.19416
522.46094
490.062
525.08998
513.95917
571.9111
528.19896
527.08101
548.42615
523.22912
524.07384
513.52119
568.5389
538.61904
509.76992
527.62008
570.97101
599.02596
549.55387
948.64798
571.26808
540.42196
614.50887
555.80592
507.58505
516.56699
519.24706
541.01205
541.87179
510.26011
519.26398
521.79098
523.50998
910.84695
527.54402
543.29705
516.21985
516.44397
561.60712
