561.43999
600.12507
617.13314
986.44805
608.90388
525.56992
515.59114
915.96985
496.68884
523.47088
513.74221
522.68219
511.22999
618.70098
543.09011
516.41417
526.0129
517.79485
578.38488
530.88903
526.85189
586.694
606.70495
901.85094
521.92712
511.06906
536.95488
515.67984
516.07823
525.07997
509.57799
521.56711
512.09497
533.28609
669.00396
539.86502
529.12402
514.66608
548.78283
546.46707
547.38116
547.81985
521.66414
516.00194
519.93608
535.19607
521.88706
526.47495
517.32707
552.68002
734.75313
551.39399
511.59596
534.7178
516.92295
509.81998
519.33599
514.58216
545.54486
571.18607
533.28991
506.21414
519.46402
530.16305
510.96296
519.35983
517.90094
518.74399
513.32808
513.09299
511.52301
554.33297
589.96582
588.87315
521.09814
523.04006
511.93786
533.68616
522.50886
524.76907
529.85287
501.55807
525.8441
528.70893
514.33802
533.66184
528.37896
537.75907
527.06599
518.05806
518.35799
510.31613
540.48491
525.59304
542.13405
537.69302
518.69011
523.21315
527.29893
556.35786
675.44484
535.04705
537.84108
523.18096
523.20385
533.83398
509.67813
533.34522
539.07919
514.19091
548.22707
538.74516
523.35382
531.18682
525.48289
522.3
576.89309
522.81213
515.49697
517.0629
556.95796
530.50399
618.00504
534.28197
515.94281
523.43392
504.82297
524.1859
551.96881
519.42515
541.2209
510.57696
510.40697
521.33894
517.59315
570.19496
525.383
524.9939
524.80102
535.45189
514.93716
515.75303
518.81504
526.29995
509.45711
522.44306
504.87304
521.04712
523.09895
570.71996
675.08507
899.74904
534.64603
524.60694
517.16685
516.85786
516.39605
515.36202
521.15178
510.5989
517.4551
542.83905
509.56798
534.68513
519.19699
512.32314
519.09184
515.30409
510.37097
524.44792
501.08814
511.44814
527.68803
513.72099
517.83299
545.16697
522.18795
519.06919
526.23701
511.92594
512.99596
527.78387
507.13301
518.64219
529.65117
511.00683
520.48397
530.44486
542.40203
520.24198
533.01597
520.60103
574.16701
530.33209
543.56194
533.19311
530.16806
528.52106
535.24399
587.95905
