511.08909
560.91905
519.35387
538.13195
454.16093
497.58601
477.59104
490.81302
439.996
442.39593
467.61394
436.59782
474.74885
453.97711
401.67403
415.06696
406.81505
539.29806
444.74697
450.73509
464.75506
437.6049
488.47604
469.7051
394.51194
380.79906
398.0298
554.06284
384.81903
409.72805
435.75191
444.22293
388.40818
397.51482
435.8511
378.20387
497.70617
379.75287
398.50211
404.31094
397.87483
411.726
434.29494
498.33202
534.72304
440.47213
411.78203
424.7539
397.36295
439.62383
576.42484
431.6082
417.063
475.07906
455.46412
378.66306
378.28898
385.13994
381.54197
423.10715
415.30585
425.12417
388.87882
435.51803
396.03519
422.75691
452.48699
460.55984
494.86995
435.51087
397.26591
416.13698
412.2541
387.25996
397.4309
402.51708
394.62209
501.61505
415.36403
415.25006
571.4469
458.86087
399.87302
559.06701
485.0831
442.23785
399.67179
429.62909
451.38288
425.19879
430.547
413.46884
425.524
488.08312
416.03398
404.12116
411.1228
388.54718
424.62707
476.62091
553.2012
458.20999
479.50196
439.83889
472.70799
520.47181
467.77916
504.4291
386.41405
510.93197
426.404
472.92995
403.01609
392.32397
436.47099
416.785
426.14913
444.7279
471.58098
380.49793
395.53308
391.77608
389.93096
435.51087
527.17805
605.62301
413.89918
454.50997
414.24704
434.11803
476.76396
393.10503
483.74295
398.26202
408.37502
413.15603
399.12415
418.53189
409.56211
496.31095
526.17192
403.88083
546.12112
470.92199
459.39708
424.33906
425.88782
415.39884
587.31604
494.91692
552.81591
414.15787
460.35099
539.94989
568.151
478.01399
485.20303
417.39416
456.87509
508.46696
430.99308
569.07201
536.8681
428.17807
646.6229
447.33906
427.77109
508.60095
546.41795
466.13693
557.04308
573.54999
615.28182
567.85488
552.39916
504.04787
510.06317
467.4809
672.01495
595.03698
581.63214
546.42892
522.22586
526.96896
528.15318
560.82916
501.9381
681.13995
502.43807
456.02989
438.34901
494.07005
505.10001
447.64018
427.20008
447.01791
431.73599
416.89801
416.996
431.36215
