255
245
309
312
251
260
271
264
233
247
218
227
266
223
264
260
211
234
218
229
208
265
263
239
213
234
209
225
258
276
209
246
237
222
256
274
222
242
210
257
263
247
248
208
231
308
260
264
259
209
266
244
269
216
272
250
251
266
289
258
239
236
242
219
260
202
263
221
248
257
270
284
259
248
267
250
270
263
299
319
270
260
242
244
265
262
264
217
255
273
261
236
264
261
209
261
210
286
268
242
261
259
215
272
261
300
252
239
261
231
245
279
248
243
253
233
272
232
228
259
246
255
268
262
287
317
236
250
265
209
235
244
274
287
231
288
281
267
246
261
234
258
235
249
246
261
265
245
267
254
260
267
266
282
244
273
259
265
312
269
261
244
265
267
267
258
267
