203
212
178
231
228
223
230
233
235
231
220
248
183
227
258
237
219
198
229
232
212
255
223
231
181
234
233
241
228
199
237
284
232
280
240
269
202
229
216
223
178
222
280
203
211
218
242
310
212
230
220
234
202
220
239
211
202
181
237
239
242
235
213
289
273
217
178
236
224
244
210
237
233
212
242
242
253
204
270
224
215
261
230
230
218
234
224
243
235
237
235
215
212
221
237
222
230
187
251
223
239
250
186
208
187
222
237
218
228
238
206
212
201
280
230
215
215
200
218
225
237
215
222
227
235
239
241
215
230
234
229
204
210
211
237
232
235
238
215
236
238
255
236
220
233
234
215
185
254
222
420
214
236
200
231
