316
301
308
273
313
306
301
302
293
302
300
304
307
297
304
305
303
310
263
251
308
307
301
299
291
281
267
308
293
304
297
302
306
303
301
293
277
295
306
303
295
282
289
301
253
295
245
304
266
256
304
291
316
272
411
285
280
249
266
290
303
288
251
297
301
251
263
251
292
301
324
257
247
304
285
303
294
371
279
303
305
286
306
289
268
273
302
293
298
299
301
306
310
288
269
301
330
301
266
302
282
323
297
304
302
306
305
305
305
334
301
254
288
313
306
335
306
345
252
302
327
294
284
275
270
304
303
309
305
290
311
398
257
295
304
308
302
300
254
343
300
302
303
307
327
252
319
309
298
298
301
248
289
352
288
267
294
300
302
305
333
273
282
313
290
243
318
312
273
