286
196
212
219
227
260
275
241
271
245
226
250
246
248
212
219
240
228
227
261
227
185
237
219
218
245
244
229
208
235
197
195
201
272
246
216
234
203
224
243
214
246
235
209
233
268
229
206
210
207
240
245
265
242
240
194
212
227
221
215
205
243
248
247
230
203
207
288
230
250
286
223
247
225
238
202
244
222
194
241
215
235
220
235
206
190
208
227
247
246
249
243
191
241
231
243
226
248
229
239
254
241
200
194
254
270
283
219
248
209
220
217
255
221
247
246
207
299
233
226
217
235
258
209
257
221
254
250
289
250
311
249
218
310
214
229
270
239
291
285
261
246
203
217
286
252
267
228
286
233
303
277
235
212
234
245
238
247
224
222
268
