254
261
222
246
283
253
260
217
243
239
247
234
235
221
333
254
245
340
248
251
257
245
272
268
271
265
241
215
270
264
243
291
260
280
270
266
268
269
239
289
224
266
243
264
262
269
285
370
273
254
298
303
263
268
270
239
246
314
233
237
229
251
224
220
239
204
252
220
267
261
245
249
257
268
258
267
267
259
224
253
264
268
258
294
263
252
268
267
258
235
235
262
246
284
268
264
236
292
244
269
322
273
271
250
269
264
261
270
269
270
231
270
275
295
285
260
250
233
255
264
295
254
314
231
329
224
275
271
240
265
264
260
248
463
231
234
266
269
217
267
270
268
287
251
274
260
277
258
268
274
271
274
255
239
263
224
261
270
269
258
246
264
