224
209
261
239
250
235
236
249
242
248
210
203
225
286
189
270
277
256
251
225
241
197
220
260
251
265
249
205
298
224
228
283
294
279
254
235
324
293
292
242
200
215
218
203
247
231
256
256
228
244
217
211
226
232
290
248
200
257
318
227
249
273
297
224
217
226
227
276
260
225
253
215
226
207
248
251
236
256
245
203
213
210
239
272
280
243
241
232
224
233
206
252
298
233
234
220
234
247
253
245
207
253
261
232
227
191
231
221
282
260
246
289
243
257
247
238
242
249
258
265
301
250
253
249
254
262
225
254
257
255
212
272
288
252
237
241
269
289
277
230
214
286
239
244
242
263
314
244
239
244
219
211
221
231
228
245
210
244
