187
186
214
213
181
192
214
214
197
245
232
275
182
234
236
226
196
229
240
217
224
227
236
230
234
198
237
200
187
178
181
185
342
203
235
223
232
232
228
176
192
228
217
290
225
230
212
224
214
216
227
225
199
231
209
228
220
225
211
224
206
215
208
204
201
234
196
227
180
229
234
229
227
236
230
221
314
231
230
218
191
257
262
186
256
247
250
204
210
182
251
232
237
242
257
261
184
260
259
227
248
248
215
214
246
241
236
259
228
249
341
247
229
222
211
175
204
213
216
227
236
235
211
235
238
226
214
425
211
231
225
223
204
225
223
221
193
219
225
221
226
217
212
225
229
227
229
171
226
214
222
196
222
223
209
208
226
210
207
198
227
225
225
206
224
224
223
228
227
217
224
223
222
223
225
217
217
210
210
217
218
216
214
212
215
187
213
167
173
204
213
213
216
212
203
214
211
227
214
227
210
225
224
218
227
227
219
212
228
228
226
208
227
219
230
228
226
219
229
217
224
229
231
207
206
205
224
229
195
223
201
203
221
200
221
201
225
229
224
234
221
221
225
207
221
225
225
195
201
212
