314
336
313
268
316
279
300
302
304
293
302
304
281
263
254
286
272
302
333
309
305
302
303
285
307
342
303
280
264
302
269
300
299
297
340
313
273
304
289
282
302
303
305
290
304
300
301
314
279
256
277
343
314
301
290
301
285
299
309
284
302
301
287
278
306
301
266
258
343
310
408
259
331
256
328
255
276
289
278
273
285
276
300
322
284
306
289
301
302
260
308
299
285
305
271
305
311
303
274
271
307
283
295
299
309
305
251
307
339
284
299
299
304
299
286
304
279
292
291
301
309
285
302
302
290
307
328
289
304
304
294
296
299
347
248
308
300
351
268
263
301
299
267
306
302
307
304
305
297
303
281
347
303
282
305
281
282
278
274
304
281
302
297
297
304
300
300
289
302
304
305
299
