409
314
230
326
275
274
250
271
324
291
279
262
273
420
259
278
418
276
390
450
415
281
330
390
286
292
287
374
287
599
354
290
253
326
517
277
526
476
480
534
380
356
357
357
340
299
309
280
365
695
246
293
258
236
293
252
303
445
546
285
296
237
266
235
259
278
327
416
230
350
306
261
291
258
336
266
258
354
576
314
449
670
267
262
295
289
286
241
393
296
261
356
278
312
275
305
331
390
282
316
369
299
257
477
262
303
269
264
268
277
258
291
365
408
281
297
283
288
299
434
299
292
346
259
257
384
294
345
296
450
295
286
414
264
301
297
303
231
228
374
252
268
494
305
275
231
253
229
271
265
