281
317
302
337
351
322
300
309
326
277
357
295
293
270
272
325
284
334
281
314
273
302
316
309
306
303
272
334
281
324
302
363
299
369
276
317
309
363
314
330
336
297
352
334
327
289
275
321
337
325
308
292
294
301
320
313
313
328
291
335
283
284
273
309
337
356
289
289
321
343
308
303
319
317
308
316
337
325
308
278
302
315
333
391
301
307
275
314
300
316
285
312
286
281
322
298
324
375
333
269
288
351
310
280
332
312
295
334
323
281
326
305
279
302
295
286
297
323
329
300
342
281
318
324
292
303
285
319
327
316
276
329
357
323
328
313
299
305
309
310
378
290
321
315
302
271
325
304
277
268
313
316
319
312
371
377
281
358
345
343
338
274
351
341
