225
229
168
210
174
226
224
230
177
214
284
203
227
205
228
218
172
236
206
221
228
226
237
220
182
218
183
235
167
172
204
226
226
229
224
208
223
172
202
230
208
216
214
271
202
216
229
265
219
221
178
224
203
180
173
192
183
198
182
205
223
208
230
225
223
219
240
210
171
224
191
228
228
224
219
200
249
241
224
225
226
205
214
227
235
223
182
221
203
200
200
234
217
194
197
173
203
217
193
223
197
213
226
214
228
201
223
211
226
210
231
205
212
224
228
203
259
227
219
221
190
218
227
176
179
219
178
233
197
205
213
194
219
204
236
225
225
255
227
195
213
294
200
201
181
224
267
227
180
198
226
172
194
238
240
204
183
226
219
227
226
242
205
276
201
175
214
195
187
176
209
194
206
174
194
273
197
