337.18109
339.18619
341.06112
359.90906
347.80693
344.15007
365.67211
343.37997
375.57411
339.90717
369.29202
334.94091
337.06713
332.64208
335.67595
333.48107
340.29198
344.81883
358.28686
419.3809
376.97601
351.69697
391.77895
338.31882
351.017
347.46099
340.02995
335.7842
388.96894
339.04219
340.24906
340.06596
345.04509
344.29002
336.5829
339.39719
336.94577
369.28606
340.45506
352.80418
379.99105
335.29997
350.19708
338.42087
335.05297
341.41803
338.7959
336.91406
389.0028
376.60503
498.11196
355.50189
391.03293
443.99619
471.95601
355.42893
360.41713
369.7772
350.69299
345.32404
363.12199
351.65191
357.69415
453.619
357.02705
357.18393
338.41705
336.41696
332.73602
338.29403
333.26602
348.57392
363.81698
402.09913
375.37909
338.58895
369.56
341.13288
345.31808
377.89297
363.94
364.16912
359.51209
358.18005
373.17181
410.37703
428.64394
349.78294
408.24699
373.03996
352.55194
375.808
338.66692
341.03298
344.82503
349.54596
456.96306
368.33501
359.478
427.56486
481.32992
368.25514
348.93894
339.16903
349.93505
342.79704
353.04785
340.8041
335.41584
351.5892
366.63103
375.54908
339.06388
342.92006
334.92303
340.693
337.43
335.464
338.39607
365.18812
460.51598
349.95794
345.10899
340.03806
394.0289
340.66892
349.28012
377.54893
384.78398
427.52099
428.96295
376.06287
382.90095
358.27708
466.76207
346.14301
356.33802
336.76505
354.82883
383.25
357.84006
354.04086
432.69706
392.68303
342.65995
345.11089
384.48501
391.6719
380.00107
375.036
476.70913
335.06489
338.81092
335.92892
374.80617
413.0311
354.146
379.14991
420.017
348.56319
442.08908
390.20896
448.47894
427.26803
369.86804
352.09298
386.971
342.067
365.56196
360.44002
393.47005
436.27214
372.63298
429.92091
391.88218
350.55304
392.90309
339.6728
341.67004
338.79089
336.2329
351.53413
394.1431
363.168
398.65804
345.90697
351.56798
338.76991
334.68413
337.99911
365.623
350.05188
368.27612
369.80915
457.57914
403.16987
381.80399
337.80098
340.03592
388.3369
