663.77497
662.47988
633.13007
659.60979
662.25004
649.29199
741.06598
648.278
675.47989
672.21904
650.53606
635.58817
652.01592
653.11193
650.177
653.37086
752.20418
670.98904
638.49306
665.08389
663.01203
657.26495
656.76808
704.96702
639.19902
662.50014
650.21086
689.93783
659.79099
712.27098
647.25208
662.67395
655.87282
652.38619
650.23494
647.23587
659.64293
673.34819
658.17881
663.31816
637.24089
657.29094
635.50806
660.11095
646.38996
663.7361
704.37288
713.59491
666.73994
725.57998
841.501
660.393
656.0111
655.87091
655.50303
661.22007
732.13601
666.4288
656.92401
673.84815
675.61889
631.65307
716.45904
655.51305
655.85399
670.84193
648.16403
655.48706
769.67692
649.06001
1036.6261
687.00099
655.59578
654.12807
691.23721
682.63078
658.777
704.44202
668.86377
645.48612
657.24301
650.13981
700.89412
707.17287
692.00921
650.93613
671.91005
1031.18587
657.26614
681.71096
641.88194
673.63596
663.49697
658.99611
655.87282
645.63298
663.75899
669.33107
701.66993
700.34599
847.73397
649.26577
626.75405
667.4931
658.26917
677.21701
656.52609
654.96206
639.37712
664.40797
661.75604
696.02799
705.35517
657.10998
645.72811
664.10494
666.6069
675.60697
644.14907
706.34103
652.54498
659.97291
751.21212
683.96091
649.52207
668.09988
658.31709
658.28991
666.5051
641.77704
663.34796
641.4001
651.24798
640.74492
659.5149
629.38094
673.7802
660.37703
657.85789
657.511
648.97394
671.52309
647.3999
648.71693
644.05107
644.96088
655.90215
636.34706
649.52612
690.82308
845.95299
637.0039
640.51199
690.60898
638.84211
640.28597
659.12509
677.38008
646.65723
645.86186
672.42002
638.58199
701.45202
707.37004
644.37294
651.53193
650.97213
648.05317
637.71486
649.51515
647.2671
648.23294
670.16101
637.36105
653.39303
628.76105
677.59609
651.26204
660.81786
671.2029
667.88912
656.22115
648.74506
635.78892
656.31795
646.07
645.12491
653.476
661.35311
665.74001
664.47616
634.8238
671.4561
656.72994
671.86904
661.73887
667.42206
684.50308
673.51508
694.906
