399.02306
472.07499
401.75009
392.02595
496.557
500.37098
427.11902
406.15296
427.26898
445.74714
554.54206
420.51792
394.51504
402.50921
388.38911
431.41699
390.131
449.74017
470.20507
392.277
418.02883
380.059
383.13293
403.52106
387.41183
377.91204
394.24801
385.51497
387.42614
406.62622
402.80008
399.02997
382.73287
396.66796
387.31217
384.70984
381.55484
388.92508
386.37805
390.38801
379.95195
409.50513
385.03718
388.40008
378.28803
431.96607
386.04498
392.66515
427.51789
442.47985
541.93211
442.63196
439.35013
459.62715
391.53504
568.56203
470.34001
433.02298
429.71087
444.8781
434.87191
419.77191
431.48398
433.496
435.27389
461.47108
478.99389
773.08512
614.27593
503.92699
487.84208
473.7649
454.21815
459.85508
448.24219
433.5289
426.60809
451.64704
454.08893
445.97697
438.49802
397.02296
405.17092
451.1292
419.74092
430.24707
452.2562
462.59499
434.6149
416.73493
383.70085
389.27913
395.86401
401.66712
401.36385
391.03198
476.59492
457.02696
392.67898
430.49097
516.56318
384.63902
403.21493
388.09109
382.86686
385.94794
405.75695
408.01001
393.91994
403.74708
394.53506
383.39305
476.74704
533.56886
510.83302
570.79005
524.97983
546.0341
559.06582
545.42518
613.05213
586.411
636.40189
528.65696
502.84505
440.00196
537.79697
580.84202
515.67101
545.69483
446.88392
470.86
434.97586
435.56905
456.94709
503.81207
473.84596
502.09999
484.97701
466.86292
556.67806
437.747
391.6328
395.015
382.45511
392.12394
383.15797
393.65602
431.76508
429.56996
543.48803
381.24394
379.96793
414.88314
380.65481
378.63398
408.01001
412.637
446.39587
377.39897
420.47405
384.70197
411.24797
400.76804
382.30109
393.11409
398.6671
389.13488
408.91504
387.03084
417.73891
382.03716
388.3872
378.03006
410.18701
382.87616
381.03986
409.9071
401.84188
392.79103
393.92614
378.41582
395.11418
416.62407
394.28997
389.67609
390.73515
377.79498
393.67008
432.87086
420.63713
390.88106
439.89396
394.28902
393.27598
400.86484
390.81216
377.76303
385.13803
447.66903
