457.30495
490.04197
451.47896
475.09694
462.87608
464.01811
503.29518
465.51108
485.98504
481.18687
510.58912
459.12695
459.62882
465.85011
462.86702
475.68703
487.37693
477.8471
486.82499
467.35811
558.93803
477.47993
470.35098
461.47108
440.99998
469.908
451.08914
466.70389
465.78288
478.83797
470.34717
475.98791
468.20903
450.73414
459.61595
489.97498
466.20798
486.13191
442.63411
468.50991
457.54099
506.50096
500.30208
505.25904
479.33698
487.72907
525.81882
511.84297
526.3021
540.65609
681.52905
520.05506
487.15091
516.68096
581.41899
586.41195
489.6791
480.13616
507.55501
468.76001
471.09199
540.35902
509.68099
504.07195
562.93893
497.31088
500.36001
492.96808
491.72592
470.75701
460.71696
511.729
456.19988
499.10116
444.59319
486.97114
453.86887
450.16098
468.18399
496.387
535.44807
461.3111
465.76285
486.98616
489.96782
557.53303
478.122
509.25207
474.93982
501.09196
589.38217
472.01014
536.04293
509.84693
497.05791
573.79794
518.57495
556.85997
456.94113
503.49617
631.61087
500.59605
508.84795
493.21508
496.22297
477.98395
471.96102
497.69807
462.62002
486.59492
468.54806
483.79898
464.48398
483.69312
470.50691
452.63386
478.08599
492.24091
467.84496
494.46297
450.34814
463.02915
487.06508
479.83408
488.97815
474.26581
540.78293
481.97198
493.96491
475.85201
514.23192
493.17598
502.74611
481.44484
471.9069
523.57721
473.58704
468.86301
552.75798
474.08605
799.71504
494.71688
468.59598
484.4842
498.95287
494.28701
511.28411
498.19183
477.28109
491.89401
668.06817
489.13097
490.376
513.58604
490.96894
526.32093
485.21996
500.07987
478.62887
471.98105
484.20787
507.19309
451.97797
466.36891
475.58713
516.25085
479.57897
543.94794
459.20706
534.21593
493.361
466.12
476.19605
461.52592
471.59314
459.72085
491.72211
476.00985
475.82603
472.70894
491.11509
478.94597
506.8562
419.01517
420.24088
474.59388
449.49698
484.99608
476.85194
500.18191
460.53195
464.36405
461.70998
510.69593
463.5179
473.35792
452.47507
469.10214
476.33696
503.09086
