1188.58409
1099.77198
1270.03312
1152.46081
1061.84506
1069.52405
1117.75708
1052.89984
1134.28998
1212.26597
1024.11509
980.25608
1071.28501
1201.95007
1053.41411
2372.16306
1197.23701
1173.37489
1098.54198
2091.33315
1102.82803
1114.01391
1068.20488
996.09613
1049.71695
1027.97413
1017.28296
1053.04193
957.057
994.60602
958.14204
930.52793
875.99492
888.06295
898.22698
912.49681
1020.27917
901.03316
888.90386
870.20683
1059.1259
843.99986
990.89909
939.06808
1013.50117
1014.02211
973.28305
916.99314
938.30395
946.56897
1187.24489
1004.93598
904.45399
930.57895
928.97916
891.00099
858.72102
875.6721
848.36197
865.02409
946.72799
868.35814
895.2601
837.744
837.77213
859.78508
884.12404
873.35896
2182.43313
893.20993
1004.426
916.58497
961.58314
870.61191
862.84614
980.443
972.79906
907.43113
1001.21593
967.91816
854.13194
964.499
918.8509
899.95885
925.32802
903.64599
915.08412
837.37588
866.7872
886.73782
1010.91099
993.98303
1065.76395
882.08699
883.75592
1249.6798
1442.1699
1252.43711
1580.19018
1472.3289
1596.29011
1538.50389
1478.53208
1609.17401
1599.5791
1190.79399
904.11091
848.28615
878.9351
890.99312
1097.754
976.36223
967.57007
938.47489
1183.11501
1205.74808
1205.21092
989.77304
1038.41805
1026.43204
1052.39105
1011.18112
1010.16498
1054.461
992.9781
1028.08881
1086.12585
963.58299
914.3641
926.1651
928.68495
919.83294
880.10788
869.591
951.59316
1192.30509
914.59799
992.19513
890.167
951.06792
871.1102
839.05697
836.01213
868.09897
897.49217
868.24107
974.45107
930.36509
892.74693
912.72616
1078.3751
861.63402
853.24907
809.80921
826.99823
838.45615
844.48504
895.97988
870.62383
840.52706
873.58618
824.13912
982.126
1157.06801
1068.26901
814.94379
869.15803
883.57306
926.68295
854.53892
852.66709
827.67081
875.32616
875.50712
866.62412
812.93011
854.96902
841.295
911.05199
862.34713
833.10986
847.00799
846.02404
829.17404
935.83894
1035.671
843.26506
902.44198
878.69191
923.49887
906.93402
1121.88292
835.21605
860.89587
952.35085
894.23108
941.118
926.9979
967.18788
936.53297
