651.32689
646.35706
653.87893
640.75112
653.88489
644.27996
649.20998
648.53096
646.23404
658.149
624.1219
645.13302
635.13303
634.67097
639.51302
667.59992
638.74698
644.27304
628.78585
668.3569
666.33892
649.29891
659.8351
641.39795
642.1361
630.13506
637.151
638.8998
645.45178
641.29305
647.19701
647.30406
646.38996
640.65385
649.47915
644.67287
653.74589
660.08902
636.53398
651.99614
727.93603
652.78101
646.52801
638.49902
634.98092
650.66195
718.28508
639.8499
645.44797
703.43208
853.21689
646.9841
654.1388
647.24207
649.10197
658.06389
639.86087
641.37888
636.50203
654.14715
660.24518
632.75886
643.88895
649.00613
644.2349
651.27707
640.91516
641.70098
642.04693
674.82686
632.15017
642.54403
647.62211
643.23211
639.77194
690.99498
695.22381
681.41913
650.01893
642.9379
646.64102
644.94109
644.31691
727.40793
639.67586
644.88602
632.02
669.50202
638.75318
644.10591
655.63202
651.92795
632.092
646.13986
637.87699
662.38308
624.547
643.3599
638.13305
701.77984
839.00213
656.58903
647.87984
634.66096
642.85803
658.78797
658.24604
663.85198
635.25105
636.91998
638.10301
630.24402
638.27181
630.91016
638.74984
633.13508
644.39821
656.61788
657.82809
643.45098
658.20217
658.6628
672.13297
645.087
656.41713
638.14402
643.22686
643.62717
644.13905
654.55103
641.49404
655.97701
647.38202
633.27098
643.68606
641.92486
629.42505
651.86191
650.85483
644.86408
637.88486
642.12418
642.04693
650.95496
645.13493
628.31402
650.11311
629.05812
655.73597
704.427
845.05796
831.29501
824.41401
850.23403
887.74204
804.01301
1110.6689
1125.61393
960.29496
1006.639
1157.06396
1177.32906
1002.18797
1158.80299
1162.69398
1014.76479
961.36904
771.24596
789.40415
704.80299
776.97778
793.051
698.85492
638.62491
640.93089
643.69607
646.62385
642.78507
696.85006
639.53495
644.62709
650.42686
664.06512
639.24599
647.89605
646.878
643.99505
643.75305
658.02598
645.73908
647.60494
639.06503
637.48002
658.58102
638.30686
654.65093
667.09709
790.08293
632.02691
709.33104
