772.73798
768.52012
804.17895
794.5199
767.92812
741.96506
820.67299
788.92493
796.01312
770.98894
789.92796
845.40606
811.99288
843.75691
869.73095
1214.40005
812.96396
839.84494
867.29097
845.17002
796.68593
842.51404
800.86398
876.88303
797.96696
822.18003
854.1429
824.77808
776.33715
773.74697
815.03081
768.11504
741.95313
757.01404
775.25687
1301.8291
840.90304
811.50603
816.8931
777.1349
852.76294
833.75216
875.32997
813.09104
829.57697
792.34982
1282.03416
927.5682
908.76985
880.54895
1100.67487
866.37998
885.432
827.00515
857.53202
822.79491
813.77697
728.47986
747.56312
744.95196
777.4899
829.61011
975.25501
881.11591
861.1021
792.81187
827.20304
777.78101
813.07101
1210.98304
856.34804
787.64892
812.36315
751.75595
767.92812
787.09602
821.19489
1341.10713
783.17785
750.22912
838.55081
792.04011
957.94606
811.30481
806.92697
777.02212
809.91793
835.04009
800.071
776.016
909.42001
808.32911
791.44788
818.00103
777.97103
764.08291
772.22109
946.84696
839.99395
952.5671
1047.4391
761.87301
781.41689
778.9712
818.27497
788.95688
835.00409
817.93404
803.08414
785.90894
784.04403
774.96195
762.25591
761.68609
748.47293
744.13705
752.67816
782.97281
747.61701
751.5502
738.49702
751.06192
757.92408
1216.68911
774.42503
815.35602
785.10213
782.18007
784.70707
741.17398
792.43708
818.26401
777.68183
735.72516
791.56494
791.76712
748.93308
795.18795
792.20605
795.12191
810.32705
773.68689
781.05998
748.74997
751.48487
822.23201
744.80104
764.94193
764.16302
834.83005
1032.24516
1369.87591
979.02894
758.55517
763.95798
772.686
752.30598
730.42202
742.24401
804.43406
769.47999
817.38496
791.52298
767.61198
788.39111
1161.64017
795.35699
804.28886
766.66403
782.82905
794.05499
823.55094
796.18597
788.1341
807.42693
757.07006
786.33499
804.40283
856.87613
793.30087
765.95211
1223.61183
782.12881
845.25609
789.21008
798.86198
758.85487
735.31103
780.59196
770.03217
750.33617
811.54895
760.57482
739.54511
749.51601
724.70498
827.40998
806.87118
779.14786
833.81009
