439.15606
506.56414
493.17002
463.08208
478.88184
447.19982
442.75713
437.65497
414.82902
531.25191
465.56902
485.24308
436.09905
432.42478
578.62711
505.25188
454.82206
441.90001
465.35897
447.60108
450.39082
444.345
462.2581
435.11891
520.72382
483.40297
531.78096
537.15205
451.23005
442.88707
417.49787
485.58593
443.74204
455.36995
429.5342
518.17203
444.39888
497.30611
445.99795
517.07506
439.80885
516.32714
439.37898
431.33998
414.3939
445.50109
421.9811
413.39016
444.99803
426.24378
594.34414
436.24687
521.95692
482.70011
453.97902
508.69298
479.23684
445.82009
569.32282
690.50813
574.37611
494.47203
478.69587
449.44811
462.81385
446.54512
511.67989
533.20503
528.55992
490.37004
491.68086
531.86011
551.9228
558.66289
559.56411
552.42491
483.32596
476.59588
532.969
510.59008
523.55886
547.70803
546.80991
595.77107
503.25203
486.07683
556.82492
521.56591
461.22217
472.34416
435.01782
497.85614
501.55711
493.1159
559.07702
552.91605
485.08191
544.93904
521.97814
533.988
632.31277
483.7501
590.42692
523.04101
542.70411
543.93387
7940.60206
8169.26908
1021.25788
574.43213
541.4412
553.53403
541.07904
556.91791
526.15595
625.94604
534.44195
553.18403
511.22308
528.31197
525.563
563.31587
714.06007
619.92598
658.77104
586.96389
571.83504
507.09391
541.84294
516.43705
572.46494
485.21709
529.91486
487.56909
518.97192
494.13085
454.31995
532.06897
458.26197
500.81205
509.84192
501.858
539.78801
477.35286
490.46993
509.09996
668.29205
509.20296
490.67998
474.51782
726.80998
502.94805
481.2429
443.74108
494.96794
494.74597
506.92892
552.0649
587.42499
512.96711
496.07205
466.37011
867.74087
463.35506
456.48599
480.16191
491.55688
452.57401
448.90809
432.75714
436.08093
439.92209
402.26102
423.47598
1040.6661
445.56904
458.29415
487.2148
456.74515
456.26402
597.66698
474.99895
491.93716
483.61802
523.81301
508.19683
520.06912
445.73784
517.61603
439.23092
570.55998
441.82515
470.76797
558.05993
538.94114
442.84916
678.99084
485.46505
572.70789
546.3779
