366.51492
352.85807
525.95401
611.85193
471.79008
503.80206
341.68482
338.10306
359.75909
339.28895
339.17618
354.30598
338.6898
335.16598
356.68612
379.23408
355.43919
341.81905
442.14606
404.86288
377.28405
414.15191
344.05684
349.63918
341.20917
349.15185
400.41399
362.52618
417.871
368.57915
476.09496
370.15986
360.77905
357.67603
357.64503
351.95017
364.53915
407.50909
360.97407
359.53307
360.00395
403.73707
338.82904
345.69693
349.04504
369.40503
339.571
338.14096
377.57993
409.5912
502.85482
359.17497
368.26706
370.90015
485.66008
429.09408
441.01596
374.78304
424.09587
393.502
366.58096
525.83289
425.00615
377.51102
338.16981
419.43502
391.01911
459.22804
485.47506
364.501
373.41905
384.29999
345.38984
405.0858
424.23201
388.40818
425.87709
430.97305
446.73419
427.34885
358.45208
343.56093
341.53605
351.31884
341.30001
364.65096
370.16582
353.43218
409.00803
388.27705
341.79282
402.86803
420.0449
412.98413
386.80005
511.47914
494.73
383.2171
422.55187
440.01913
510.0801
413.7361
426.36991
434.11899
381.70004
481.34804
413.36799
365.01694
384.39894
352.57792
343.57095
533.31494
444.5641
389.96792
416.98909
439.38899
524.93882
486.86481
395.34116
367.58208
352.04291
400.54011
388.5479
353.51014
344.419
427.75512
471.84205
403.26595
354.17509
381.74891
405.16901
419.10887
523.74816
413.47599
360.02994
377.45094
378.42202
422.97411
404.87885
374.41802
418.396
414.13498
401.76296
337.56804
368.82496
446.12098
419.698
456.882
448.76409
412.73904
487.82706
374.66288
365.1731
365.51404
344.82813
361.56583
352.77009
362.44678
364.0058
358.44803
409.89494
352.37789
376.66106
359.33995
403.99194
384.06396
363.85489
368.31093
352.79799
407.88198
423.64311
350.39997
351.9299
370.5821
386.47294
404.56295
345.649
396.7669
364.16698
353.95288
381.39105
374.41397
426.85604
355.69096
397.37082
348.43898
397.53199
383.394
385.93817
412.55593
464.24699
387.32791
355.64303
356.08888
349.6542
361.90987
364.26401
339.81204
344.68985
379.94599
