433.44092
451.74003
451.1261
439.9929
468.97793
451.46704
574.45383
609.33709
626.98603
550.13204
457.60393
536.46302
532.94206
453.22704
512.82811
454.844
477.48208
476.61185
433.22992
487.83302
497.60509
468.96005
663.90109
458.58192
484.70807
493.75105
484.44891
535.82311
537.31894
528.19014
540.5829
527.95506
504.95696
532.20582
534.80983
512.07399
529.31595
500.60892
717.95893
513.57794
509.95398
458.4589
457.62897
494.20881
519.68718
481.88877
508.9128
689.08
509.02796
484.55787
630.77807
475.20185
491.96792
443.923
449.71395
510.2191
558.43902
487.96201
470.84594
494.21597
443.99095
476.192
451.9012
463.696
462.71801
438.91501
460.21104
462.61501
433.26402
444.63682
442.34514
471.11583
465.43288
524.64294
529.29497
486.59706
490.84592
499.08805
458.93788
488.99102
490.11493
498.71421
434.865
449.14198
495.20802
492.82503
579.80084
457.50189
436.75613
475.94786
440.38796
526.56817
446.99097
487.97488
460.61087
510.30493
469.244
438.85207
564.32819
542.26089
758.36706
437.49595
483.22797
468.21618
480.48186
477.10204
475.08788
654.78396
583.50992
494.21287
503.58915
505.60999
465.9431
496.37198
715.48915
551.15485
504.72116
473.24395
559.15117
482.58495
476.99094
462.111
482.49507
468.69993
458.70805
476.13692
486.86504
477.58985
529.176
505.07092
450.60897
445.90592
523.07916
476.93586
468.09697
456.79212
632.339
461.03001
458.21691
494.63201
452.60787
447.84713
456.46691
454.48613
456.38084
460.23297
446.63119
563.91191
452.22306
536.34691
650.37203
448.982
597.41497
459.70798
564.44597
533.56099
495.45598
445.39404
456.57706
466.76183
515.43307
484.13301
524.16992
452.73304
497.25389
494.18283
456.36678
486.00698
437.09898
447.35003
459.73802
551.31698
452.389
453.30286
504.00114
513.44919
466.97688
469.48385
482.11122
469.10882
460.10184
526.20602
471.85588
517.66682
463.4738
618.91198
555.44686
448.47798
460.87098
437.36506
427.65117
464.45203
419.84606
458.41002
459.203
444.01097
486.12499
479.09999
592.75198
512.52198
