426.19014
422.13106
429.84796
422.00112
415.02094
431.84209
419.13104
422.78695
416.49199
508.23808
449.21517
433.38394
431.83804
423.39396
438.49611
415.64298
438.36308
419.75999
436.27906
434.24702
430.21917
429.76403
420.8858
428.02691
426.20015
437.68597
418.45989
468.02592
475.57402
425.524
566.44416
433.07996
423.66099
435.64796
415.52091
427.96493
415.35997
416.35489
450.89102
422.10507
442.98005
434.18193
438.69781
467.32306
443.9342
420.47787
415.88712
413.13505
466.14003
462.72707
551.90492
417.76919
424.14308
412.62603
418.73598
424.77703
450.38795
436.6169
416.46194
421.04816
413.72204
421.52786
426.38707
419.03496
450.32811
422.76096
419.74711
418.0398
426.22185
428.37405
414.88099
453.89009
420.02892
445.44005
436.50103
467.75699
424.13616
417.38105
417.89889
418.44797
419.41595
419.12103
414.39009
418.648
420.88699
419.64412
420.58897
435.179
416.24188
421.62013
451.49398
458.47106
463.51814
431.58388
418.55311
441.45393
419.42692
511.29699
420.37511
578.75681
561.34892
427.19102
414.46781
442.36803
425.97389
494.00711
463.45091
458.88495
445.71805
441.99991
455.87611
439.10003
464.14304
443.47
514.33587
487.22291
467.71312
456.50291
465.25002
458.43101
508.07095
500.23603
470.88194
459.73706
426.49508
418.12682
423.79212
413.13982
418.11609
421.91291
439.59785
437.84189
422.13821
441.73598
478.99389
522.2218
421.23008
440.97614
422.17398
462.82196
443.17508
432.95121
435.0071
462.37612
440.49788
434.36885
445.21093
428.79987
450.61398
470.08109
627.02799
453.74799
443.98284
418.98704
453.78518
434.94892
462.28504
443.98117
455.89304
455.04093
444.92412
438.74002
422.64009
440.5849
446.64216
452.11291
464.98919
422.73498
418.63585
415.53092
424.38102
452.22211
446.85602
422.51611
425.64511
419.51704
427.21796
418.03312
424.37601
438.02381
413.72609
462.22401
507.57408
425.31204
417.696
445.77384
565.54413
482.97811
413.41186
432.24907
414.93106
486.64308
453.89199
463.31692
430.05204
511.67798
550.10009
558.90894
488.86895
526.59011
