451.612
428.05982
353.4081
371.79923
363.76214
409.32393
359.00307
374.16911
411.66186
356.25386
361.449
373.15989
392.51208
388.84997
359.71403
354.68221
472.25308
437.61277
398.88811
422.34588
417.16313
372.89095
440.64999
401.03889
382.61509
356.529
370.67318
355.92508
369.59791
376.37496
355.87406
357.60093
400.244
353.652
358.09183
399.59812
395.43891
376.99413
386.93309
421.15307
386.01708
435.12297
390.74898
426.65195
395.13397
371.64402
389.709
361.85098
343.0481
394.3789
490.57388
356.48108
455.89018
391.76393
391.65187
361.92012
393.86487
355.20411
381.13379
362.33115
373.38901
397.8591
363.60002
390.60712
386.29818
381.31022
344.63096
410.78711
370.27311
399.02902
368.5348
359.40599
376.15299
405.31087
376.04094
355.00407
376.79315
368.90793
396.40188
442.62195
384.80902
400.51413
392.35592
379.68111
402.77195
390.4109
468.60194
387.87103
499.63403
456.94613
433.13789
371.03796
383.90398
403.67103
393.00609
370.9271
398.09799
354.34389
454.98896
416.41593
524.31011
418.21408
359.43985
400.25401
362.66685
390.40804
355.65996
453.65214
445.58382
398.51213
356.94695
360.15296
353.9629
428.60794
390.77187
412.51898
378.3958
389.43696
379.64392
373.74496
438.29799
429.79503
382.25985
409.9772
658.77318
456.46501
461.45606
415.15493
449.27192
369.38906
656.26001
408.91099
391.3691
391.4268
392.27414
357.0261
406.425
403.98908
509.1269
420.10593
370.76616
351.45903
380.62
349.45798
350.15893
356.27007
352.09417
354.54082
355.88503
405.9391
491.42194
345.96181
362.61511
344.29979
351.09711
364.77304
356.776
392.69304
355.36695
362.58507
349.1652
359.00617
345.22009
342.81397
461.1001
366.57786
342.50903
351.67789
346.82703
344.88487
369.90094
496.13404
343.79387
361.42612
351.63403
347.44191
342.45801
363.626
370.16106
361.28879
368.53814
347.06998
354.707
413.97119
352.29707
371.24991
388.19408
397.18199
410.72297
400.62284
446.64907
390.2719
388.5529
460.85191
409.5459
429.425
408.30112
395.63918
432.40809
416.44287
