428.43294
474.79105
477.50783
463.44995
688.63797
473.96302
461.09319
491.95194
536.63182
489.69507
513.19718
492.10501
502.08092
482.059
466.86602
457.77488
442.85607
560.94503
500.71788
556.7472
490.15689
535.72297
491.24694
556.70619
594.67006
581.57802
652.3509
574.05305
551.579
548.43187
588.42492
532.40013
473.51384
523.54121
604.80595
634.23991
493.11399
581.13813
548.73991
524.04499
502.36702
526.06297
595.77322
449.13006
479.49004
479.3272
476.86505
477.58102
463.87696
532.81713
612.77199
444.71884
493.48402
453.71699
469.52701
471.83108
467.46612
455.52683
446.85221
448.23003
461.12704
430.38392
444.98301
459.60999
526.22509
472.23401
573.00806
473.2461
484.58815
493.86501
679.12984
544.30103
647.87698
522.295
602.05913
597.25189
551.718
508.09908
523.77605
512.51101
513.40914
559.23605
540.025
518.83507
561.16414
559.32903
549.16191
759.36007
620.04399
524.77694
495.81099
538.20205
704.74315
465.01112
693.1448
540.03
510.2129
484.18689
518.7192
493.15
616.98103
452.34299
521.33298
453.37796
493.34002
558.30193
507.34591
453.96996
453.98617
438.77196
432.49202
441.26105
462.12697
479.83289
522.80617
467.12494
432.38497
471.56382
538.96904
457.11708
437.51502
595.91293
485.81409
472.74899
478.84393
474.83897
476.51505
523.16213
501.20497
485.87322
506.80017
455.13082
442.38901
459.97286
447.24107
450.39296
443.28499
471.13585
432.10888
431.38504
572.41416
445.27888
503.34692
430.19485
445.88709
448.75598
440.38081
510.55789
507.32422
519.20295
692.48796
438.24005
462.72302
434.91697
439.08906
494.22002
530.70307
508.10003
474.15113
441.65206
463.40704
470.35694
450.71888
424.64805
435.83703
436.74707
454.23985
463.11903
507.59077
491.06002
496.15383
481.70686
549.77608
475.83795
503.72005
450.36888
498.71707
456.61306
466.2261
457.50904
474.71786
454.97394
484.36213
456.88295
511.78098
422.37401
458.77099
437.02078
438.24697
502.22492
421.85497
438.01785
431.78105
467.43321
430.25804
478.59812
457.62992
493.55483
465.37399
544.20209
