529.20008
553.08914
509.83596
498.28601
505.84102
565.21416
544.76285
508.04996
562.93321
529.06895
513.30495
521.70396
574.44406
517.79699
489.01892
505.3401
567.71088
519.76299
517.98701
592.22603
557.94096
532.20582
493.48998
497.54596
482.89204
512.84003
504.20499
510.43797
496.09399
505.76687
537.73689
515.48409
1452.25787
587.37493
1436.36608
516.18481
504.12297
527.57692
514.66203
568.07709
474.51591
519.28711
496.06705
536.70692
493.45303
513.99183
481.08006
509.83691
516.58201
556.37002
659.66487
506.23298
550.29607
499.84503
550.87185
490.3841
518.47816
592.92197
570.1859
518.53204
502.11
502.69699
512.98285
520.42603
511.8432
540.69304
500.95296
516.48903
503.057
516.33501
529.45113
513.96894
476.96495
897.39394
503.03888
519.33217
545.76778
510.1769
526.79992
492.71894
492.57112
483.38199
861.40203
472.68295
479.7349
469.73205
476.62807
456.48408
477.68211
472.64004
466.88509
494.19093
458.22787
474.83706
469.72108
468.50801
461.10606
512.86817
505.53203
545.86792
620.13006
487.16784
511.77597
466.6791
486.98092
449.48292
459.975
478.15108
468.73283
538.08093
484.32302
474.19596
476.14598
465.96193
423.78998
518.27502
480.40104
491.96196
488.83295
482.81097
485.9848
541.44907
762.19296
478.98006
503.95823
689.35609
474.24889
477.5939
490.48305
465.20185
479.85506
503.59082
538.69605
521.67797
466.00199
447.90387
471.93503
473.26803
469.69295
477.75292
459.61404
471.84896
488.83295
483.82211
518.03899
539.464
504.00901
1918.04504
510.67805
516.95085
632.77507
477.93198
460.52098
1960.83713
1870.48912
492.53511
491.94908
479.93898
556.58388
494.55309
621.92297
583.90689
503.37911
494.54284
455.12509
479.84195
532.60398
496.82093
462.46505
485.22902
511.09481
559.56507
559.00788
508.24594
501.70684
480.4821
486.83619
482.23305
487.23197
484.84302
494.05885
458.78386
500.69714
464.113
475.35205
483.48188
501.06406
482.6808
487.68783
470.46304
462.44812
506.74081
498.22211
490.45801
502.98214
521.89183
502.918
507.57313
515.41519
548.82193
