460.7811
346.53091
428.37501
420.259
397.012
376.55306
437.85405
380.14793
393.76998
404.75512
392.28201
384.77993
421.53406
398.86498
410.78305
372.76196
346.92216
403.91517
447.62206
426.70512
376.22595
392.22097
416.03184
437.5968
421.79108
373.47007
370.94307
404.89912
376.81603
400.85793
362.324
413.75089
392.10296
361.42612
365.18502
380.52297
355.53789
377.6412
369.313
381.01602
371.907
372.94888
449.74017
426.10693
371.54412
351.408
362.91814
400.02298
460.46185
426.64504
542.23299
393.713
344.44499
407.85003
393.03803
384.67908
414.16097
411.7341
383.92591
351.00508
385.02789
435.35018
356.34184
401.10588
384.79495
374.05109
497.19715
422.90497
354.12598
430.77588
366.66107
363.20806
414.6049
420.88103
357.18083
391.61706
407.04584
412.50706
401.26204
346.69399
390.64717
386.46603
350.59905
370.51415
379.37903
354.06494
405.56502
349.76983
403.01299
402.39191
358.13904
353.297
414.53099
366.92214
354.38204
347.54586
354.33316
442.50202
403.13005
390.42592
484.96699
391.12592
385.78415
353.53899
356.92692
361.39011
369.066
365.17096
375.63801
365.026
364.58516
462.97407
456.86102
423.10596
444.74006
376.88684
353.30319
416.049
372.504
375.89717
358.06298
407.01604
376.17397
356.00209
371.91701
387.79187
375.05198
357.02395
402.601
367.82813
392.12704
374.31383
361.7661
395.93911
425.06099
413.8689
451.84803
520.55502
438.07411
414.52909
367.02108
413.04588
360.36801
381.54697
386.04403
438.76481
392.53902
395.35403
387.66599
386.24883
516.10708
490.08894
469.61093
409.74498
411.14402
406.49319
344.94996
412.09388
405.8249
393.255
397.12906
363.42001
379.86302
366.10603
414.97707
375.93889
386.99389
355.77607
381.05083
386.28387
382.54404
401.86596
398.41604
411.74412
423.13814
439.64291
406.7502
372.84398
379.60219
374.43304
356.75883
389.14895
399.4
348.78612
345.40391
422.28007
371.29712
384.53293
358.284
386.17897
464.08796
351.27091
442.36398
371.08183
382.12204
432.36613
393.00299
364.58516
354.635
456.21395
