522.33815
496.92988
485.43501
570.44387
494.96102
595.81709
498.46292
533.20789
460.20412
523.82994
504.68707
529.98996
574.50891
558.83098
565.65404
619.67301
632.40695
596.38906
555.28021
578.68218
559.82018
662.71496
733.39415
637.13288
602.23198
649.17111
656.11982
572.19005
657.37605
524.81103
625.74196
604.57802
573.78316
555.67122
534.44195
542.93895
468.85085
473.99902
541.14199
497.26319
555.46713
500.17285
496.85502
475.73209
509.07803
431.26106
483.922
480.74603
508.58712
457.99589
529.43611
459.23114
477.59104
485.24594
524.06597
485.72493
512.84909
560.30583
480.48019
575.63901
515.22803
506.79898
465.01088
507.94816
483.87694
490.67783
473.15192
553.52807
481.32992
546.35501
521.05689
516.23893
440.19604
463.27305
425.37403
427.11115
445.32013
440.19699
377.53797
387.63785
390.61809
387.95781
363.78908
384.86791
367.34009
441.58101
361.66883
340.065
426.3761
384.90796
384.02319
349.44606
364.02011
354.92706
355.03101
348.30189
363.57808
361.67192
557.69587
365.10611
445.23692
387.43615
375.12517
427.06108
435.83989
392.14897
437.9921
413.04898
436.76686
474.07699
413.01298
475.08502
426.5449
516.58607
485.17489
465.00421
453.09186
501.24097
488.58309
546.08297
431.21696
513.59296
476.14384
540.30609
594.1999
553.80201
541.9209
534.92808
480.22699
549.04294
508.20994
563.55906
517.3378
494.45605
421.7279
446.24186
489.74395
455.10292
456.14815
411.23915
408.76293
362.81991
389.01901
372.02907
367.65814
422.84799
435.54521
453.21703
402.69494
417.82498
641.19601
416.61811
486.49383
411.74507
410.51793
452.73209
424.35384
459.76806
554.82697
503.79705
514.74214
450.98901
526.16119
522.23086
487.97798
488.70897
437.51311
437.79993
396.51418
435.19902
419.86799
438.67517
488.45887
454.07319
341.5699
432.25002
399.79696
461.2
499.10688
496.23108
469.49291
480.33404
502.30503
448.64321
467.00597
408.09798
464.86902
419.13986
422.014
436.52296
474.46799
453.14693
422.18995
442.65389
498.47102
482.73706
453.33815
441.72692
520.59984
512.25209
