698.77291
757.7641
645.02907
742.32507
735.54516
693.50386
808.23898
714.46991
616.17613
628.24798
639.79506
603.90997
602.46205
600.96407
658.34594
571.04802
565.15408
642.86995
622.93196
649.91307
664.1891
630.96189
647.39895
799.36886
649.14083
719.841
712.68511
658.20098
716.28499
753.05891
686.50508
743.08085
832.32617
712.0378
722.01085
694.29922
657.40013
702.17609
661.412
658.849
686.13696
673.52891
684.42106
863.87086
649.92404
645.63489
600.37899
605.80587
624.10307
652.2429
850.03901
674.68095
725.99697
632.08914
685.24504
625.10204
648.62299
649.87803
757.55
758.8439
623.51489
697.83211
738.74116
854.1038
657.36318
735.08716
779.81687
820.05906
748.35396
825.62399
789.04295
731.43792
783.96106
805.67098
815.96684
827.43907
861.43994
772.28189
882.50995
892.74597
786.79609
762.83598
830.63793
780.32184
704.14615
754.34494
730.63898
643.98599
717.71479
705.17898
787.1139
673.48409
746.93298
719.75803
750.93794
744.81797
688.99107
672.96314
684.48806
653.04399
869.93504
680.44281
724.80392
632.27606
738.5509
708.86707
652.62604
671.04197
744.941
698.34185
678.30896
745.82314
751.32298
769.16599
693.6512
773.70286
705.17302
673.19107
668.33782
771.9202
701.83897
683.46
697.10493
710.7408
747.94817
725.86799
703.8312
728.83701
1142.96699
776.14784
815.42802
783.57697
872.40195
893.01205
891.96491
830.67608
874.23086
891.01601
813.15112
840.74402
855.90315
819.00096
735.23307
789.65807
763.95512
810.00495
737.64896
804.26288
800.05193
784.01709
949.23687
871.46902
812.95586
818.42113
839.39409
834.25593
834.63597
846.91405
916.74089
931.83398
864.9931
901.3629
894.75298
1148.47493
1147.24994
1430.71795
982.27215
881.881
951.98107
877.20299
807.81388
719.31005
725.95596
767.08698
699.73588
685.46391
722.56899
631.64616
700.50001
853.19495
846.68112
763.52096
715.62886
778.66197
698.15993
634.18412
713.92989
772.07613
692.89279
724.30015
698.66991
665.08889
755.00989
854.30598
852.86307
874.403
953.09114
1017.82894
857.45502
838.33003
