546.206
570.54901
536.82208
548.27189
520.32804
559.56697
569.58508
597.61286
594.71512
574.16296
559.41892
472.97001
513.83519
412.51922
416.05186
585.59608
723.46091
582.17692
638.81087
602.22507
602.03791
693.75801
587.42881
657.6972
733.25205
719.46502
612.52284
618.26706
636.65891
782.52506
721.72213
770.69283
798.64979
873.12102
896.78192
845.00504
782.552
724.56098
711.72786
691.25819
661.09896
644.03391
623.245
717.33093
567.71708
725.68893
629.4589
642.94791
709.69701
572.12996
745.65101
678.55811
679.38781
630.52797
626.37305
626.29294
631.78587
629.24194
625.53
583.40907
565.07301
732.18584
630.24116
675.349
661.08418
632.20191
649.80102
702.57998
579.16021
746.1412
645.47896
595.49999
750.98014
562.15596
566.79702
576.19405
723.19603
729.8491
583.534
682.45411
652.68993
675.48084
825.99807
674.613
676.00799
709.12504
661.98301
747.43891
613.01589
642.55905
658.49805
654.75583
562.02316
761.39903
656.30484
626.50514
673.47693
625.01287
666.90111
719.52391
701.78604
694.74411
759.305
663.00416
621.59801
628.16906
620.01395
593.56499
739.57586
641.89005
585.76608
593.91999
600.13008
691.79082
679.87013
587.29196
619.38596
664.00695
622.75696
659.8649
675.23003
529.7029
495.9681
494.96794
529.96993
533.04315
540.1969
506.28805
473.50192
509.99308
460.06703
543.10322
545.28618
551.46384
549.299
518.713
503.81112
517.3161
524.58191
590.31606
620.27979
522.31407
582.81708
535.22182
623.11006
545.53699
698.75693
585.16192
581.93803
655.59602
622.68305
698.95792
602.38981
609.272
719.73705
604.91204
621.37294
688.63893
912.256
939.57615
931.95677
927.33312
874.77303
891.08896
808.17604
824.72682
723.25802
637.31408
605.14498
546.16284
563.66706
636.52802
502.32005
510.97798
479.19583
512.23707
483.24013
454.97298
625.51904
583.93002
542.03916
471.10701
473.84214
437.3939
439.36801
433.10499
498.72398
382.9329
423.64597
417.871
425.18497
399.07503
417.28497
500.31996
429.74615
431.91814
582.18098
477.55885
604.17199
507.50995
