738.23309
819.40293
752.03896
716.47096
703.33099
765.10191
894.4931
748.30198
797.04189
805.66597
711.74192
854.49696
767.83705
841.90202
760.55121
762.24017
769.65213
767.68303
747.89906
789.37006
813.5159
883.20398
863.42406
796.15211
808.79283
893.47696
787.81295
740.56506
776.41511
660.33697
591.39514
710.65998
828.31907
731.9479
784.66916
689.96191
669.33298
703.76015
699.224
753.90387
794.5478
637.30121
704.47493
691.45203
693.51697
641.11805
882.50399
829.99206
799.69096
795.82691
927.71196
767.93599
707.05295
631.1729
661.33714
807.57093
643.24999
676.28384
645.48302
716.8591
840.37185
798.51604
852.06509
756.39892
671.15092
812.42609
717.03005
768.07714
725.39091
601.48597
656.003
648.89598
604.27999
665.74597
747.25795
629.09198
592.82303
681.13303
605.56889
751.24097
683.98285
734.57313
815.1679
647.62092
742.33913
754.30393
772.81213
717.98182
638.57198
702.53205
651.83711
613.91187
597.76521
684.93295
660.52485
832.76296
697.39008
730.13115
925.93002
1009.18007
1088.6991
825.36793
761.72209
909.38497
886.91807
833.64105
861.41205
999.74203
1033.26416
1240.58294
1045.49003
1161.81517
1170.89105
971.48991
896.28911
908.88596
991.8921
944.26489
945.85013
1013.65089
1098.30117
894.48595
982.41305
1002.18081
1003.19886
990.73601
1049.99614
1005.14221
1102.41604
990.06987
1037.61816
1090.22093
1042.413
960.42013
951.83897
923.31004
994.38
10748.31295
995.40305
1117.84792
1131.45995
1102.42009
1109.39789
1131.30903
1044.55996
1122.23983
1141.24298
1209.11598
1182.77884
1101.38392
1290.86018
1057.69897
1158.80203
1053.91598
1114.49099
1055.32503
1153.50389
1120.30196
1117.04612
1023.67687
954.39196
1047.997
1082.60012
1087.59093
1104.71797
1118.02983
1095.21914
1171.05103
1333.15492
1321.70701
1308.06279
905.3359
1009.92584
967.27085
961.06195
939.34989
896.56496
916.37421
961.10892
927.02293
890.01107
933.146
786.59201
820.30606
850.7669
717.93294
2043.03694
854.9881
916.98194
807.27506
889.22906
987.83302
1038.65385
897.97807
880.862
775.47193
870.47195
765.67888
851.06397
726.07088
