569.15998
727.06819
653.58996
593.57095
650.11001
693.12501
698.43698
582.0601
603.00422
608.98399
619.96007
750.92697
685.02903
680.0909
613.24692
631.65903
611.16481
619.79198
634.67002
686.17296
640.05494
629.29201
648.34213
922.59598
730.43489
653.48005
617.29193
593.06288
593.50204
819.32497
674.23606
724.79296
762.676
665.169
603.87206
723.46616
622.02215
645.365
614.28308
646.89493
737.06603
616.68086
589.07509
590.0948
687.53004
645.88094
653.84603
538.47384
571.01703
593.13393
755.10216
658.90908
640.08093
612.08606
735.49795
739.10904
637.59017
667.04082
615.28802
589.82301
659.92808
540.21287
740.08393
690.79709
596.89116
698.74597
535.61592
621.03987
547.45603
558.43592
536.52596
623.72088
581.96783
609.42388
541.80813
538.80477
494.96007
525.22302
542.43994
662.48488
499.71294
580.024
592.56387
538.75399
484.91907
499.82905
550.06099
503.47114
557.796
529.27423
509.619
499.58396
545.8591
570.88494
625.40102
543.21098
656.80695
590.08408
585.93297
703.439
803.20597
729.22206
742.42902
575.94204
670.20798
662.81009
841.60089
820.78218
743.93296
914.36291
844.15507
986.88602
844.3439
1156.61311
667.82498
679.97098
725.86513
726.09282
711.35211
805.13692
728.31106
846.54498
926.46217
935.97507
1097.121
926.03397
955.38688
904.61111
1025.3849
967.63206
975.95286
1172.56999
1088.83715
1110.82292
1117.42592
1140.903
1104.46095
1227.40316
1159.47986
1084.44309
1123.0402
1156.60596
1157.62901
1376.73688
1301.02897
1099.97296
1110.97407
1080.35707
1257.46512
1136.06215
1389.01186
1253.10707
1236.39083
1274.64914
1245.74804
1171.386
1251.616
1161.13687
1142.45105
1156.70204
1142.102
1288.20992
1294.90399
1262.84409
1247.90597
1700.15693
1474.88213
1521.36207
1463.5148
1575.91581
1666.94283
1423.00296
1465.61718
1511.91282
2386.85203
1279.51717
1328.6469
1738.11412
1213.22489
1246.19102
1737.06794
1204.93603
1666.42404
1239.64
1650.62809
985.31699
1457.51619
2308.81286
1890.22017
1565.59491
1174.36194
1546.36407
1073.96507
1223.63496
871.37699
750.2079
837.62908
688.98582
845.94202
872.81704
