901.16501
858.58989
839.81013
733.03723
755.054
796.2718
726.50719
793.76912
901.90601
701.29085
773.90289
837.55112
831.44903
750.98705
789.76893
752.5568
679.78382
775.12813
736.96899
651.20006
721.96198
610.02398
650.9459
640.42401
623.46315
656.66389
649.71709
603.32298
590.57498
631.00696
671.14305
664.91103
699.32604
693.13097
793.47396
811.44691
899.08195
742.3768
693.72106
794.01278
792.08088
741.9641
863.0271
727.01788
689.16202
626.966
729.68197
762.16793
813.89689
683.35819
1001.52707
715.91115
674.22891
735.53896
806.47302
940.12284
1048.76781
1033.35214
1174.48616
1170.29214
1366.38308
1466.70699
1398.16904
1573.05694
1228.55496
1265.47599
1053.50399
1118.86621
1139.22191
1303.92194
1064.05091
1108.72817
1154.23393
1127.78401
1028.65195
975.26598
1008.19898
1106.82297
1068.74704
1086.94005
1027.33397
1062.07299
1004.64797
1091.71796
1136.68895
1112.216
797.436
706.90894
625.88
706.15292
680.31192
660.63404
676.35202
798.17796
704.9489
668.24102
668.87617
698.28892
729.45309
679.22807
915.88998
740.767
761.28006
691.10608
737.22887
617.74707
634.51099
701.24102
645.21694
726.37105
626.75214
628.29304
681.50687
582.21507
615.05699
642.88712
601.05586
572.92295
597.6181
592.81588
620.37492
528.96094
597.6541
670.98188
664.44016
618.59298
1040.81607
1294.94905
1568.63499
1977.23389
1198.19903
3690.45305
1095.74986
7142.35806
993.07299
1055.89008
1749.84288
5686.33819
2157.20606
1600.36802
1246.4602
1300.46582
1485.34799
2428.46894
1403.5151
1652.60601
3175.12512
1145.42079
10669.00611
1184.25107
1979.74205
1747.23196
1756.19006
2544.68584
1056.80895
1568.1181
1076.79987
1485.06808
1528.33486
3379.41408
2174.34311
1686.78594
3075.93894
1583.7431
1161.90004
1164.36291
1538.57398
1290.90905
1740.07797
1234.68494
2806.36287
1309.51309
1321.36202
1326.9639
1775.2459
1312.114
1271.23809
1191.98108
2048.87414
1691.17904
1770.5512
1258.49915
1339.23984
2200.84214
3373.08407
1120.81814
1224.3669
1209.19299
1109.93195
1333.7059
878.35312
1174.85094
994.57788
1001.91092
1433.19297
1431.09393
1174.20506
1110.98886
1061.27906
995.02587
