781.12411
799.793
759.43589
877.83718
813.79986
847.1539
832.03411
795.40896
816.66303
868.87193
793.67208
795.92299
808.41684
833.79817
903.89705
779.64807
905.95698
772.35198
776.10922
827.23594
732.01799
835.39796
819.70596
812.97302
896.33799
812.4969
757.94005
825.65594
764.04786
791.04209
844.91396
817.52396
861.274
889.39977
886.98506
823.66586
784.15108
873.71087
904.80089
879.48012
892.99297
876.34993
899.055
835.97398
741.73999
836.39097
757.68209
761.33299
843.37807
869.97819
1007.70593
764.328
811.41114
871.23299
808.81095
822.27612
809.90291
838.50312
812.08491
809.02815
798.92421
762.28809
931.33307
870.76998
875.6218
832.54814
885.59198
824.95809
848.24705
817.7259
827.05116
849.91097
773.91505
922.54186
890.19203
863.15894
850.23308
1010.95891
1040.90309
934.97205
920.17579
908.1521
1058.05993
906.33106
900.13099
939.73303
943.79902
916.34488
915.55595
966.87198
946.0938
951.95603
1051.53894
951.18785
959.98502
983.69598
917.35601
948.79699
891.87598
906.13985
1099.087
852.01716
861.799
854.496
908.1099
948.45605
1011.30104
985.63695
979.50196
1070.93501
1180.27997
984.94005
1189.24904
1153.20182
1068.35413
1031.81386
1097.37301
968.56904
926.08404
1003.06702
963.97781
981.0431
984.62105
1021.27314
948.53997
932.49798
1019.53292
1000.633
933.65502
938.8659
859.41911
967.04292
1122.97702
1042.65594
1119.63201
985.49199
1012.11095
1016.54005
974.20907
937.06393
955.75213
988.68489
938.66611
1010.46085
1048.68102
980.8681
937.52289
953.74894
1009.04298
932.86991
1310.98294
1023.27514
1049.24512
1009.07087
1030.29609
1012.40301
980.04198
1016.20579
1045.05014
1156.9469
1074.38207
1150.96688
1139.05001
1142.92002
1183.83288
1116.12821
1124.71819
1076.648
1029.1791
1074.92208
1117.09619
1153.62406
1070.36996
1046.78416
1000.17309
915.74693
937.69717
926.02801
989.16316
1033.77318
961.67397
895.432
906.06689
950.18482
965.57617
973.5899
1011.67893
935.49204
967.15903
1007.69305
884.78899
1003.19695
1011.59191
893.90016
977.02408
987.571
909.28197
908.84709
941.37192
919.94596
