390.74302
399.10388
388.27801
418.13612
391.90006
411.36503
389.5309
388.70907
410.57491
388.34906
409.1959
412.1058
415.84277
392.59481
394.50097
397.40896
393.13602
396.16108
405.12204
388.5181
383.18396
391.03889
420.06803
390.93399
387.77089
393.52918
388.78894
395.27202
404.74916
392.03405
386.13605
390.62715
384.80687
387.49695
395.53905
400.80404
393.62788
387.12978
389.1089
384.12118
384.31692
391.94083
388.88001
396.39997
388.95297
394.37318
387.3899
402.25101
387.76684
530.3309
552.8059
383.63814
386.68203
391.22415
399.29199
408.76198
392.694
391.02721
394.22202
395.77603
382.53808
383.34298
386.03091
387.01677
386.18803
384.69005
387.39896
386.02901
385.21409
385.05292
433.61783
383.45218
383.32391
385.41698
396.20709
392.60411
384.53507
386.87205
387.69794
390.63287
387.30502
385.36191
389.781
385.28013
387.16102
391.07013
393.98193
389.98795
399.92785
393.78381
394.50502
385.25105
383.94403
388.10706
384.63497
387.54201
387.7151
395.20407
385.67901
517.61198
576.34902
405.55692
426.21899
395.25795
396.28386
395.99895
389.91117
404.29115
388.25512
389.64796
392.74406
385.21314
388.49211
394.49811
418.55383
396.85798
382.69305
388.63301
393.02301
386.88493
395.77389
398.04006
398.13304
388.27896
399.87016
396.01898
386.9319
401.10898
390.27619
384.66287
406.28695
393.86511
387.45499
406.72493
412.26006
429.99196
387.04491
389.77504
384.4769
389.292
392.91906
389.51898
383.76117
391.41107
419.49701
391.17002
390.02609
385.391
391.644
525.30503
563.46798
385.87809
388.51094
394.61684
393.2929
394.50407
388.96012
391.86287
402.64297
385.80704
386.43408
402.98295
388.51118
387.362
392.68589
398.50307
392.78102
408.75006
408.39791
387.28309
399.12295
400.01202
391.927
414.77299
385.24818
415.28392
406.52704
390.85197
405.00093
385.43701
391.5441
387.49504
383.17418
396.60287
393.29505
396.65794
394.52195
399.86205
395.66803
404.51002
420.89009
398.15712
391.02697
388.37218
394.53292
390.63001
400.15793
384.64594
382.3812
519.03391
