728.37901
776.69692
752.02584
840.24811
815.70292
728.84989
706.29001
625.73195
696.16604
720.41607
593.94097
736.92799
959.86485
775.89703
790.21788
838.69696
821.17701
893.63408
916.15796
937.71791
958.73594
837.47697
737.216
810.72903
899.17994
894.28806
951.92313
1106.18711
1022.07708
1140.04397
1143.54801
770.48206
890.83791
751.81103
642.17305
655.99084
586.74288
697.25895
772.93801
906.01015
719.97094
688.66587
728.97506
747.3259
715.96694
720.60013
674.53623
699.30315
1172.45293
815.38606
791.63694
554.142
587.01706
748.77
792.31501
785.29906
649.35708
647.62402
613.93118
603.8661
595.17097
595.33191
750.37289
626.67418
728.45602
807.41811
673.47407
808.68506
810.91309
760.185
754.20094
720.57509
697.59107
707.865
690.36198
659.26814
793.05983
764.77194
701.9999
767.27605
700.99306
658.88786
634.01294
630.05996
587.82697
590.28411
605.81899
627.01488
592.99397
624.12381
579.9439
721.95196
647.87507
653.16606
568.97497
712.22997
655.92194
586.52616
617.26093
675.36306
813.66205
668.55597
649.41287
684.00216
592.07702
711.28511
609.95913
738.44504
656.35514
711.01499
673.19989
617.00892
706.49195
674.83711
616.80913
644.56987
706.64811
651.021
695.69302
685.32085
645.72811
557.49798
594.42711
571.16103
716.55703
549.22009
581.43401
596.99106
637.47191
537.61601
546.97585
578.97806
615.14091
535.815
499.10998
582.61681
648.67496
512.17198
598.04797
529.62303
568.07017
549.69692
618.1941
507.11393
598.23394
594.1751
629.80413
671.18192
633.80384
707.31807
739.79211
681.80203
656.97098
594.07616
676.9681
740.17119
643.9321
586.06386
590.35707
683.87508
582.93104
589.14995
616.38379
686.77497
588.6271
703.77493
652.40121
525.04897
559.68595
542.65499
566.29014
600.22211
519.38987
621.16718
732.63407
791.70895
716.717
779.35886
671.49806
822.14403
726.64785
706.07805
767.06696
727.32401
703.49097
708.40192
824.56303
755.48291
751.17707
860.43191
942.42287
923.00797
860.55994
744.62199
814.31103
812.68001
843.04285
936.33604
880.6951
799.25299
