839.13517
747.19906
884.60803
730.68595
761.60908
711.89785
685.3621
705.73783
702.986
774.58191
798.28286
810.02402
771.43288
801.17488
771.08407
759.55486
669.25097
698.46702
728.30105
761.45601
750.85783
857.35106
760.44989
744.36712
703.33695
767.78507
730.35097
752.93899
911.62491
818.41898
772.51101
815.67097
797.32203
806.03099
884.61494
950.2511
906.30507
1098.26303
1028.24306
899.91188
961.23409
904.21295
811.53202
862.88285
866.37902
882.658
816.78796
839.73098
827.54207
843.6451
1099.39098
867.99192
805.67193
691.85996
764.35494
781.65507
819.38386
779.41895
824.70608
775.90704
741.68706
808.5649
902.69589
925.88902
931.7379
906.02112
927.96206
924.42584
917.624
849.74909
897.22586
935.2591
998.67892
820.98603
862.89501
841.16507
892.09604
929.98195
887.80189
882.95794
895.92218
982.05113
1045.09902
1030.87521
925.32992
1032.27806
1067.86394
1096.48085
1099.01714
1118.96586
1072.60704
1161.5181
1130.97692
1072.97993
854.599
859.60317
923.02203
966.83407
983.29306
973.08588
1131.8891
861.28783
955.78313
973.37198
998.23809
1231.56881
1099.04099
1133.11791
1173.20108
1166.73803
1133.11386
1183.42996
1153.26595
1098.60516
1060.16397
958.5259
1025.48409
977.39291
854.54512
973.07205
875.00191
859.10892
955.08909
991.45699
983.68096
932.91688
935.39405
1079.79298
1175.07505
1164.01482
1186.04112
1124.99094
1044.95502
1088.03701
1136.25383
1257.17115
1236.56011
1102.63896
1104.52104
1081.79498
1034.50108
929.62623
963.14692
970.89911
1022.76897
1042.92297
1097.92304
1101.95303
1028.10693
1013.01718
1344.83385
1194.75508
1157.58705
1246.16981
1128.81398
1205.25312
1059.96895
951.24388
955.21116
1013.06415
950.33789
1075.90795
1071.58899
1073.64702
1177.22297
1068.38202
956.83503
1151.83306
1123.23499
1114.37702
1222.85199
1107.06806
1182.98984
1091.97116
1065.943
1028.35989
1173.08211
1059.17692
1083.02188
1057.16181
943.78996
997.05601
929.52609
940.69386
914.675
1054.44908
861.71508
841.27116
865.77511
917.61398
805.7549
843.50896
829.05912
827.76999
878.613
912.61387
939.08691
916.0831
986.32813
995.2631
