1276.55196
1347.60499
1090.73186
1336.39097
974.545
1021.92879
1269.00506
949.84913
1130.83291
1166.15415
1143.39185
1779.78802
1126.76501
1376.03998
1327.75307
1087.85391
1617.03992
1385.48422
1386.86395
1520.16997
1255.12791
1387.96401
1256.44493
1384.80115
1344.98787
1742.44905
2015.47599
1844.87987
1915.58313
1687.33883
1722.03493
1685.45389
1550.04311
1797.62697
1155.61795
1622.04099
1405.12395
1148.22507
1205.36208
1295.2621
1401.82805
1295.86792
1198.58098
1206.05803
1078.4049
1529.62399
1115.57889
1470.60585
1312.37888
1302.72794
1193.71104
1233.54411
1109.10106
851.41301
718.96505
675.11296
646.62695
600.59905
646.32988
699.96715
637.26306
617.01012
560.59718
607.21397
643.41187
621.8071
580.41191
555.63307
529.09708
560.17089
504.1852
473.11211
495.96095
484.65014
581.26402
490.51189
503.18003
492.22493
487.94508
464.46896
500.69904
467.89002
508.81886
453.39108
497.03693
477.77104
475.57497
519.15407
541.87298
525.8379
483.96111
524.32585
545.57514
526.68905
539.07919
564.81194
534.4429
560.77003
522.48096
616.44292
696.33102
530.54404
506.45685
510.82706
559.93104
524.95408
522.83192
672.39308
504.42791
519.70315
547.56284
515.37204
537.23192
510.40697
488.199
491.00089
472.07189
507.47609
553.23887
493.35408
524.07384
525.58589
524.44696
497.39122
496.81306
504.11296
499.22395
596.97199
527.004
566.74004
620.04304
615.76796
603.90091
598.36912
550.01616
681.59103
616.50515
564.69488
547.03808
547.822
688.14206
666.219
594.15698
700.26302
587.23402
559.70597
544.0762
697.58487
546.73815
654.57606
714.95605
585.1779
621.87886
604.02584
619.53998
585.52098
593.02711
569.17691
593.76597
620.81504
612.98513
552.72698
618.08801
734.025
653.92089
615.29899
788.33199
668.38598
804.75402
634.20892
711.02595
646.62313
700.09112
815.34195
798.64192
733.89602
718.13512
672.35804
752.4991
719.69581
799.64995
663.74397
743.45994
648.20695
659.0271
736.93895
730.32498
668.15186
614.03298
617.19203
632.91693
674.04509
598.71817
542.95897
609.35688
625.597
689.36491
690.81783
669.38305
706.22206
