1054.11696
979.68006
934.54123
896.49701
1014.47797
1014.55498
858.19006
757.55811
674.71504
695.95885
717.70811
640.52391
599.08795
685.92
752.91586
639.94718
562.64496
558.79092
715.76095
756.22702
565.54699
598.28401
647.8219
857.81288
840.50107
884.67407
926.46813
923.3489
806.02098
922.33896
800.68493
826.46084
808.58707
976.06206
723.60492
1020.21217
705.31607
636.127
649.04904
678.71118
672.40787
750.12016
777.43196
781.9798
818.49194
789.8252
821.61498
749.16601
836.96604
887.12215
1048.81907
858.2859
868.31498
790.59696
873.52419
783.55408
663.61403
696.31886
716.52293
547.94812
744.80104
870.07213
626.02305
784.64508
918.87999
649.03998
600.99506
767.95387
824.0869
713.95302
676.06401
801.85986
830.33705
624.06516
758.70204
730.37887
655.581
698.02904
773.30184
818.5842
658.01001
742.35606
767.05694
648.96607
668.62893
679.35109
695.94002
721.76719
635.47397
523.46802
606.57787
569.26298
690.6302
679.847
617.89107
663.06591
651.11899
582.28302
581.72703
634.13215
846.82202
731.55808
582.60584
743.77513
643.88418
664.79802
951.69806
804.96311
833.20403
839.27298
788.6579
922.99414
884.15813
808.20298
956.7349
734.24792
773.8812
695.00113
812.05106
658.16379
811.88512
620.03183
760.18119
687.3188
794.58308
610.41403
629.73523
688.35497
638.3791
612.993
561.72323
617.54704
667.35196
569.46397
687.47997
831.36916
612.64181
679.00109
776.18408
711.95698
769.91701
809.21602
790.92503
707.23319
650.69914
766.70408
800.50397
855.84307
648.947
755.6839
880.6951
658.71596
644.55509
666.34893
657.38201
794.22498
618.85405
693.97688
735.19611
588.81688
677.58608
672.54686
803.14302
694.93198
744.96007
604.67386
732.57089
686.75113
736.0208
798.97714
678.32685
748.9481
781.04496
953.25398
860.84199
834.03301
768.21184
829.93007
794.03114
819.07701
819.13519
739.77685
685.35614
784.71494
669.89207
612.17117
623.19493
594.69295
679.22091
699.98312
720.12782
559.00812
750.95701
614.03704
596.33803
691.571
759.70602
562.95395
849.84088
732.83505
