458.28891
452.61502
407.08995
440.65094
452.99602
437.85
431.27418
446.57898
426.0242
389.11891
415.39097
401.824
379.14515
362.90503
367.69605
380.2259
372.54786
441.00595
408.18405
407.95708
402.66204
374.63284
388.76009
404.79112
386.04307
386.55186
432.235
438.73382
446.02609
455.235
448.23909
431.62489
430.91393
428.62511
396.91591
437.96802
428.95508
424.37291
453.28903
425.86184
440.01412
414.99281
465.99984
452.34799
432.89399
465.82603
386.43909
454.87595
465.45792
532.71699
593.26887
423.52295
1160.96616
443.74418
360.52513
429.528
465.20185
464.57195
371.85407
472.69797
386.28697
433.86507
370.16892
342.78607
454.78702
404.01602
419.98482
428.77007
432.60503
563.74216
393.08786
455.00398
350.52299
471.77505
376.63412
360.16893
395.89787
390.16199
406.76594
364.79616
350.15297
575.81711
388.11684
344.05994
460.12092
488.8401
328.00198
404.598
375.96703
473.67001
435.16493
419.49582
389.009
397.77994
363.74593
461.03811
441.61916
336.05218
392.53402
463.28712
624.34888
419.85607
369.78102
427.91796
345.649
401.88098
421.00406
364.43591
378.49188
369.11893
480.95393
457.75104
351.15886
341.99595
374.05491
372.967
404.95992
440.00816
426.0149
462.86988
506.11115
390.63478
389.36305
569.20505
458.78911
459.04589
504.96411
368.00599
353.266
406.74496
451.50495
360.04806
335.5062
340.3132
333.8871
334.85198
346.22097
448.89498
333.92906
398.94104
440.30404
339.83397
347.81289
452.43406
397.73202
331.97188
374.08495
332.14116
424.84283
435.23002
505.13601
354.90012
432.74188
373.28696
435.87303
407.64999
389.17184
358.23512
329.88286
429.12912
437.02888
369.46988
426.78905
362.8881
452.86918
388.98778
373.03519
419.204
416.62598
453.14813
422.92094
435.15897
419.49081
414.51502
429.31008
409.14297
347.64194
327.92592
346.19212
363.07812
427.69217
427.98996
450.01912
442.1699
339.52999
361.87792
349.68305
411.01217
422.96982
443.60995
398.46706
419.87491
411.01599
386.01685
490.08799
371.1741
372.14398
417.89818
371.43612
458.87399
