245.94402
309.40604
251.12391
252.69485
251.76406
278.32413
287.714
294.93213
288.22088
329.30017
325.92106
314.73088
355.90696
418.13898
358.82401
373.11101
403.04899
391.16287
499.789
455.29509
428.35093
387.67195
377.87199
383.79908
387.84981
423.07115
483.83904
393.24999
420.31598
447.10588
495.46218
492.58304
528.53894
533.97512
457.10182
463.48405
573.94218
601.50194
472.85986
558.18319
698.62318
528.28884
577.05402
645.38503
642.12108
632.06291
656.37112
651.08299
673.02608
676.66793
667.42492
792.07611
795.69292
728.02901
807.32584
767.79795
766.83998
744.32302
696.57993
654.11615
653.0571
641.83092
497.24793
532.5141
542.47308
461.36785
488.63196
422.84703
377.70581
361.12499
361.27615
309.32403
350.27981
386.28316
411.92317
402.13513
362.04505
366.51015
371.94109
397.27592
337.23497
394.39106
367.61403
345.28089
360.672
312.10709
351.38917
379.76909
402.67706
383.5988
384.07111
342.5262
397.67098
355.30496
388.76104
375.02193
345.95895
386.01208
382.77507
415.65299
460.27994
337.13698
334.29503
334.28717
323.60506
360.75306
363.10101
342.02194
361.76515
373.44599
335.63209
411.412
302.48094
349.37286
425.38404
292.85002
303.45201
290.18092
320.7109
351.52102
352.844
343.67204
321.81406
364.28308
359.54404
423.60997
414.572
383.09717
383.90803
386.04689
470.48712
415.76695
442.07096
444.6609
445.74499
454.54097
503.4039
545.96496
429.66294
441.30492
487.64801
425.19903
395.20979
407.81999
428.92909
393.88299
408.98395
416.07094
455.04785
399.08195
478.67799
409.50608
406.92902
469.36393
440.16409
427.42395
416.02492
400.09499
460.56318
468.12415
362.499
329.13494
320.48512
285.09808
321.95807
319.54217
374.1641
397.32695
351.0108
297.07408
326.81298
327.65222
338.71007
336.96008
352.40412
319.28277
335.20794
396.48604
359.19285
340.02209
414.18719
467.78512
493.43109
567.54088
548.70296
496.08302
490.19313
565.08899
468.4751
570.93287
536.92603
511.96098
501.20306
577.18706
529.79207
502.62499
501.59192
469.72299
494.20214
601.65381
