814.49318
753.40796
818.03298
928.24507
826.80702
797.5111
784.89113
836.92098
781.03495
762.15696
860.79597
790.32183
682.59597
724.87092
688.69495
778.26095
685.01806
704.73099
659.84416
632.99894
638.29994
671.75698
663.46216
695.46199
645.02501
769.66691
664.11018
638.76605
710.09207
686.51199
598.75894
669.98005
679.97479
629.64392
670.23301
649.91808
677.0761
759.202
812.93297
706.80094
757.59912
775.77209
825.70481
791.89086
770.85495
737.74695
712.02993
833.45985
849.06507
707.53193
922.04785
650.702
637.89392
663.75399
676.60999
719.96903
750.22697
752.40111
817.90686
817.03115
870.77594
792.40084
815.89007
766.31999
765.71488
862.12897
757.40409
794.29507
794.43502
820.55092
844.62595
751.44219
867.61189
803.42698
828.7971
905.21908
793.02502
747.83111
845.41106
873.97099
902.31895
856.71711
786.18884
876.42503
777.50921
755.55706
730.42798
794.90113
761.08599
817.415
779.05321
769.68408
703.3391
729.45309
800.67301
828.88198
805.197
820.24097
802.95992
738.99508
1050.75502
1245.9209
969.62619
994.08793
955.00088
924.67308
829.19192
844.51604
819.25488
817.42501
858.02007
765.43784
823.61197
805.96519
902.37999
756.94418
805.51291
799.63303
769.59682
825.89912
771.0712
726.95994
741.96887
723.61898
713.55677
719.71703
748.61503
681.91218
698.48084
657.3751
731.48179
723.33002
727.83995
699.10216
643.37182
742.83004
723.83904
775.177
678.88093
747.7231
750.55218
829.7689
728.07193
718.10389
740.07702
724.47205
632.23195
750.56911
811.445
700.27208
923.41208
776.8259
790.68899
818.63713
751.83296
842.38696
793.79201
852.98586
830.96218
710.91819
684.89194
699.57781
644.01984
723.46616
653.85699
668.63799
579.54693
631.14595
636.61814
635.86807
622.41793
695.23311
684.29089
649.71209
650.93207
582.20005
625.02098
680.12094
640.73014
656.29101
588.29212
641.51502
674.227
704.22101
614.27999
610.36181
669.74998
637.04491
617.75589
697.97492
608.253
673.44904
649.42694
656.76093
582.43895
693.39705
674.09992
676.18799
739.74991
760.84304
