1021.64912
961.24291
1083.22811
1025.70987
1094.08593
922.28818
869.75288
963.63902
762.5401
859.40003
864.51888
852.25487
920.82381
1067.17896
1344.97809
997.89095
969.50698
1247.25795
969.30599
1234.05409
968.97101
1126.61791
980.95202
1013.309
1258.00085
1001.16897
946.3439
995.32485
1091.89987
1149.21498
1056.12803
1014.64701
935.37283
1055.03511
928.17211
968.96601
1241.02497
1069.40198
1113.35111
1074.13602
1119.89188
1015.03587
943.05491
1298.30599
865.97991
848.04201
1297.36996
1233.54697
902.40598
842.10706
1176.14102
1038.49697
1119.31014
1053.02596
817.73305
800.40979
770.46299
781.80194
816.0038
820.88804
928.62797
921.64207
1062.67619
989.69412
978.82295
909.18994
968.09506
825.38581
724.45393
795.34912
855.84307
963.18603
986.08303
1007.91216
842.51499
1018.23902
974.65897
873.09909
815.1722
839.52093
995.28098
842.75699
926.64289
786.14283
930.74417
836.39908
874.00389
1062.93416
763.44585
1247.37096
942.70611
802.69098
780.55882
717.47303
756.93798
734.1671
797.45698
768.66698
828.8939
691.20812
1017.33589
1013.16118
774.19591
715.08908
702.842
1002.57087
663.99479
631.37698
662.1089
727.47517
715.45911
763.59105
808.41398
813.17687
918.84899
818.41111
833.26817
783.67496
874.25709
831.36177
858.43706
913.95593
840.16299
832.17001
907.12309
875.11301
798.05708
752.40302
811.07593
704.08201
829.67305
833.89997
1114.47906
753.07393
738.82413
923.33388
738.82413
930.34101
790.45296
866.87899
772.82286
843.86802
844.92016
729.28882
759.46116
722.90897
728.88708
839.92887
705.2052
780.65181
988.24692
842.09013
782.70197
760.21791
811.40995
892.25006
926.59211
835.62183
840.91711
843.25409
842.89217
833.92406
822.15023
819.29803
763.69381
978.05715
821.24901
813.07793
854.77805
848.86408
881.85191
756.69909
787.81986
789.69717
754.30918
736.06706
864.26878
948.93003
885.25414
827.56019
772.8982
1248.35396
904.30784
678.13206
704.81515
738.75809
750.54908
820.55593
768.19086
832.47709
718.46104
704.2439
851.95804
898.18001
787.20307
759.5458
714.75792
789.79301
810.99701
814.12697
