698.54712
782.55796
796.27681
805.08208
848.76513
826.12491
801.69201
763.70788
806.25701
723.68884
779.71911
810.534
755.66816
809.94606
717.4778
735.16107
768.77308
778.23901
752.44284
717.30995
688.63797
745.60189
710.25991
719.49983
632.24888
723.701
769.58704
734.93314
715.81602
667.243
714.86497
675.63701
719.98978
702.55899
763.56816
771.46888
672.20783
718.30606
711.64107
739.31408
803.28608
820.64199
832.68118
861.01198
857.98192
857.23114
886.01589
916.12411
889.37402
850.84295
1201.3011
997.89596
923.60306
862.33783
775.83003
813.96604
873.83294
840.85703
884.41205
820.467
918.99204
819.57102
842.14902
761.41906
716.07208
720.2301
683.06804
672.88899
686.6951
738.85608
670.38083
678.95293
634.81402
675.07696
659.24096
679.64196
742.1639
727.24199
694.22483
666.22496
690.75799
709.43308
673.27309
781.42595
819.50712
786.7589
784.33895
811.27405
932.199
707.64613
626.82986
674.16906
641.0501
638.61513
725.78907
664.40606
648.22412
677.50597
628.27301
791.48984
908.94389
622.21217
607.306
648.88501
660.96997
622.7839
586.39884
576.30706
602.00286
580.302
564.18014
529.35386
561.20014
595.34907
532.07183
592.56387
619.33899
588.29188
598.42896
686.23209
721.72308
782.79495
775.15602
741.33992
693.11404
666.21709
569.96512
578.02701
545.55893
552.05488
512.95185
599.21813
586.95722
614.79592
625.50497
675.102
666.16297
640.26189
650.57516
706.54988
525.64597
548.18916
606.05311
511.7569
576.48396
518.77689
543.48302
519.17696
627.16389
659.38306
733.26087
516.24584
665.58194
556.07104
535.35891
540.01904
660.0399
496.27709
531.37994
517.06195
512.21609
538.239
508.56209
533.25295
572.56889
583.5259
573.81701
606.68397
547.64795
545.94994
586.01522
496.95683
519.15789
494.03214
507.96604
490.95011
554.1091
596.06194
551.88513
592.43417
551.84793
545.16411
562.18505
563.12394
526.88503
547.79911
578.722
540.18903
641.96181
682.14822
686.50889
733.57391
727.22912
787.80699
773.92507
793.45703
782.95517
778.7559
756.17385
702.13699
