576.77603
530.31397
606.75812
522.24708
684.96895
583.24599
649.68514
540.66014
668.52903
561.57517
590.53206
657.22513
723.02794
510.33998
552.83189
646.71016
533.12802
606.85301
630.51915
583.08792
593.63818
600.01993
623.72899
538.47289
573.668
604.18487
594.04707
596.3769
565.09709
544.12603
624.03798
588.92488
675.30894
652.43196
668.38002
647.46499
626.03307
610.49914
608.65903
660.75921
629.11487
669.36302
566.46705
680.59802
675.34494
692.35492
570.87493
563.47299
547.00899
646.89803
746.382
508.5988
496.3491
545.609
545.31002
565.46879
463.19199
526.84498
488.84511
519.19389
493.85214
505.06902
459.14698
555.7878
557.68085
470.438
435.43315
409.22689
416.92114
418.607
421.24701
420.52889
384.87005
383.22496
379.22788
380.95593
373.41714
417.69814
352.31781
373.64602
363.91687
372.09201
385.83398
374.89295
395.12086
440.26995
389.56094
386.657
360.54492
355.43704
385.76198
547.42002
385.14113
382.90596
373.39091
376.91498
374.81713
399.85013
386.76715
485.85892
568.573
456.60806
465.47294
607.32102
468.42504
524.24908
497.545
475.60096
450.96803
456.79903
531.05402
491.48011
489.44688
581.55084
485.05116
513.11016
559.71098
550.66705
551.59187
505.28407
556.73313
565.26303
612.92386
544.75617
543.71095
505.70989
479.97499
512.82883
547.19114
550.57287
525.20299
484.68685
461.10797
620.53704
461.49802
497.4761
539.03389
551.94306
500.75889
504.04716
463.10687
526.2351
617.09595
492.95282
499.91512
523.15903
478.19304
465.74593
484.69281
541.82792
597.94998
430.8691
429.23212
485.16512
528.99313
472.0211
451.19095
448.76099
422.78004
424.19815
440.18412
452.21114
477.86498
443.46285
487.3631
516.54506
494.29607
492.69009
525.55203
542.30785
624.54319
557.04999
643.38589
581.28786
625.72885
611.30905
691.78009
674.69311
607.54895
599.90001
630.13315
540.84992
522.7561
582.46493
578.14503
679.64506
556.01287
588.81807
570.41192
638.50594
562.93011
656.35896
630.89585
600.90494
577.02398
1297.92595
804.4951
616.06193
580.26099
561.54394
