377.89392
377.13289
440.26017
446.37609
388.13186
390.38301
383.70013
398.59605
419.88993
386.67488
424.23987
398.40913
400.50507
419.74688
433.76493
404.65903
418.72311
376.64104
375.0639
377.89679
397.03321
425.76289
388.62014
448.99201
427.42181
384.91082
401.49307
382.03406
385.64587
378.89504
381.64711
423.94805
405.42889
400.38085
489.30311
510.84304
509.28998
504.36711
688.78603
507.85112
806.3271
555.7549
546.33307
569.43202
675.35877
717.87405
721.2081
619.33899
622.0758
531.41689
721.843
614.12406
564.94999
571.07306
543.17093
531.54302
607.64003
564.56208
577.53205
571.18082
460.48379
514.72282
462.56781
453.61996
421.12994
425.88997
459.51414
436.35798
463.96899
478.24097
444.50498
442.63005
437.70003
476.90105
416.82696
401.31497
417.63306
472.85795
431.37288
403.89395
411.25083
521.57784
428.50399
400.37107
416.54706
429.61311
381.14715
544.451
430.34792
384.42707
403.24497
384.72104
394.86694
440.09805
401.407
495.82005
409.78312
436.71083
457.38196
432.27696
527.54402
384.058
381.44112
396.19803
376.15418
394.19103
412.00209
409.63101
378.88598
376.30701
376.50394
388.12709
382.94387
395.77699
392.01999
379.50492
389.4248
417.89198
392.12894
401.25918
386.93285
387.043
373.97599
438.38906
422.80698
479.707
420.63594
375.99301
374.44091
419.384
376.90902
372.39814
374.90988
376.14918
373.66319
375.50592
372.20001
379.41194
404.0978
428.43008
378.99995
375.54002
379.65703
374.07303
374.37916
377.40088
400.02108
374.76611
376.28603
435.46414
532.86791
384.91011
381.01006
373.1401
455.87587
396.67201
421.79918
397.60709
400.25806
417.49406
379.39405
382.78794
373.66605
396.16585
396.75784
427.50001
393.22615
376.09696
396.01111
374.4061
384.28617
386.13296
377.91514
389.67323
376.39809
397.87388
418.04314
407.9051
483.81805
452.22092
413.91015
622.40815
489.94088
439.12196
412.25004
405.27105
394.76609
388.02886
396.91401
382.65014
383.63695
382.056
372.54095
386.47795
378.70812
383.74209
381.54078
376.65486
381.05011
412.41312
