914.433
2415.59601
642.8318
665.46106
650.51508
660.26402
637.22301
631.48904
705.77097
640.50817
612.99515
642.42482
651.34192
616.16397
643.89491
664.08205
647.88198
645.78605
634.87506
586.27796
715.312
679.49796
831.91609
818.55607
668.13612
666.83912
729.80285
764.84203
759.7909
652.9851
761.46889
690.37795
764.51421
683.24995
683.09903
751.45698
649.23692
726.48787
609.11608
645.52498
646.28911
662.34016
652.75288
654.9778
596.93694
724.0572
687.52599
632.35188
599.27082
716.07995
819.94605
645.96486
599.42293
698.72403
670.63904
681.33211
725.10219
673.36512
653.4791
651.16191
703.161
710.1841
655.34401
619.88997
639.92786
625.32496
591.05492
687.63995
735.17704
794.02804
663.11598
739.59112
863.868
930.46784
840.22093
869.37904
928.88999
856.63509
828.4471
967.3171
994.96412
927.05083
913.96499
958.61816
889.7419
869.14897
942.20996
845.26396
802.15597
809.92103
855.85189
909.74998
905.12991
747.93816
773.8049
766.05892
821.66696
818.27402
740.08393
747.73216
986.17482
716.30216
706.37798
758.66199
702.99411
668.20598
567.48009
618.62588
658.24509
625.28086
650.26116
707.8228
573.58003
593.51707
635.00786
631.53005
663.70296
604.97189
505.00512
569.23294
624.91798
557.49607
563.33399
525.53296
633.93497
600.78311
565.15503
531.46696
603.62792
590.85584
515.53607
547.30892
544.65795
494.14897
562.53505
525.93398
559.56793
555.41492
508.85892
498.18611
502.12598
530.29394
469.87391
544.56902
511.11889
462.28504
465.38305
460.78897
516.65998
577.04782
690.75608
563.03787
540.57598
660.24494
695.74213
658.46205
696.90418
604.87008
640.53297
677.71196
686.76496
673.33508
592.69881
608.42299
616.36806
614.65192
601.41397
636.62505
600.74496
689.81099
641.35408
641.61682
637.93802
581.96807
585.55412
645.86592
720.69907
743.12997
694.36193
702.10695
740.99994
757.26104
714.08105
701.06792
767.349
643.13483
637.61616
686.14101
691.962
696.97881
779.57797
700.93799
705.30319
765.35201
727.37908
669.83795
776.57485
715.85011
691.47086
743.78204
