816.44201
860.6391
854.15006
1021.64221
872.84803
877.26808
953.9659
810.17184
840.38305
867.72799
780.81393
798.44499
742.66195
869.61293
972.87202
795.40706
775.07401
854.141
838.50002
866.66584
845.57796
916.852
964.31994
960.33216
926.98407
844.70201
845.8879
992.03396
1117.24496
792.01698
839.79106
848.68407
793.52093
832.11112
822.15095
844.26904
758.58307
798.66409
844.04683
854.22993
833.14586
787.91809
862.88595
829.65398
871.61207
922.49799
883.00395
1074.754
909.46102
872.89214
1051.162
911.61013
858.31594
754.60505
711.24291
730.18909
674.86191
628.25799
650.10285
680.36699
659.29008
840.0321
822.51406
749.56799
805.88484
896.12699
881.86097
822.32285
730.58009
788.37609
744.61913
742.939
774.50705
895.79701
864.21514
861.64808
795.93801
913.37204
992.92207
936.97309
818.90798
789.52003
739.33911
788.64908
799.80397
732.06186
803.19405
829.39696
796.78082
1013.80897
741.20903
1008.16512
817.63196
784.20401
771.93308
754.4589
784.554
822.65902
786.17001
893.5411
1086.20811
958.58788
1068.51006
1052.54602
977.53501
992.18297
975.95096
974.91312
1009.94706
807.28292
793.94507
859.4842
860.88586
884.99808
1044.40808
981.9479
978.79887
982.4369
1045.30287
1081.99215
996.67406
1078.64404
1028.07593
976.15194
1032.6848
951.07698
1028.58996
921.22006
940.3491
897.686
843.3919
816.87903
828.91488
828.15814
711.31396
731.493
714.9291
794.15083
749.08209
844.51795
786.36193
724.70307
781.3971
825.27709
865.88097
853.78218
889.081
896.01398
949.82505
998.19493
1076.88808
1004.81415
911.34
808.81214
799.6192
952.59595
922.69802
844.55013
877.47002
1026.08585
932.68085
708.36496
702.19707
704.72407
833.58002
909.50704
771.73114
846.90595
931.10895
834.75995
897.88008
882.03621
794.1041
863.18493
876.48201
1066.49685
957.92389
956.83694
1048.43521
1051.50795
1028.1601
1063.52592
1019.04488
1252.91896
1031.41189
1125.11802
1022.28403
1077.13604
1063.26723
1040.25507
985.33916
1119.73
1038.47718
1044.36517
1061.82909
1035.24399
997.95008
1100.26097
887.47001
1042.46402
