274.59502
174.76583
175.30799
175.49586
175.62795
173.38085
174.83115
173.86198
176.24784
174.93701
280.04098
292.7351
175.60101
375.31996
224.48683
176.61214
256.15501
259.81402
176.27096
202.61002
243.39509
255.2309
206.10714
178.76387
177.15383
174.88408
174.15285
174.28207
175.37093
177.65713
175.01879
176.651
179.2829
172.77384
174.77798
177.74701
178.12896
323.94481
279.85907
175.7338
279.12998
174.34883
253.76201
174.75915
176.5039
175.44007
177.1028
178.51901
188.88187
294.36707
328.31407
177.61111
175.74883
190.81593
176.00608
175.78101
176.75209
177.12903
174.42012
177.24895
176.41807
176.13101
174.65019
177.28901
176.11313
179.14796
177.53386
177.50001
176.68104
186.98502
182.42478
272.64214
1167.32192
177.99902
181.36311
181.2849
177.23799
176.93901
178.61891
178.65515
178.86591
181.56004
175.86899
182.99699
177.92606
175.89808
181.62012
176.00679
178.78199
181.88691
177.67596
180.26114
181.99301
178.20287
225.82197
176.16606
178.66683
181.25105
177.74892
212.90183
291.06188
180.74107
176.42593
177.11115
183.02584
181.13112
181.02193
183.00796
178.55406
180.62711
177.64878
178.02501
196.47193
178.57814
178.25508
175.54402
177.73795
189.01086
182.2722
176.14794
261.85513
299.20888
184.98993
266.083
176.28098
346.802
186.27405
186.40494
242.22994
285.58993
324.92518
185.14585
178.00617
175.14014
178.13587
178.94578
177.64711
173.42901
174.22891
198.37713
195.12796
176.76401
181.75983
179.5001
176.19586
180.57799
176.52988
180.31406
179.8501
209.64599
288.56111
179.6639
182.25884
175.50802
179.68488
180.0971
178.02382
181.38909
302.36697
286.99088
176.68509
369.46893
180.84097
233.65307
182.2269
180.02295
183.15816
176.25904
173.69795
195.85609
180.31502
178.58887
188.90786
178.40195
185.52399
190.98902
183.66003
187.89291
176.86701
176.17798
185.65488
175.36807
178.99299
180.84478
182.82199
177.18601
204.50997
181.36907
198.30179
187.07395
182.585
185.87399
238.33299
204.62394
196.26904
191.66803
186.7311
187.428
180.74799
210.29806
