487.44392
426.85699
473.7432
504.457
554.43788
399.9958
507.73001
520.82491
553.66302
418.88094
432.11985
416.63909
460.6061
584.2979
554.811
483.58393
388.91387
399.37997
417.92893
394.73104
538.51509
466.57586
553.48301
438.9019
366.32395
446.08688
463.86909
444.42201
487.391
539.43491
487.73408
452.45695
470.36219
503.50189
425.72784
506.10304
435.77695
475.41404
477.49901
546.43583
458.86207
461.36808
513.83901
578.79281
526.80802
504.13489
537.02402
509.67407
536.60822
485.67605
534.34801
454.37479
588.17506
437.69479
484.48586
574.59211
562.27708
494.58504
486.50503
442.81197
466.12906
430.36413
522.63284
509.03583
474.83397
451.04313
428.50018
447.35694
478.1909
539.34407
416.86296
443.27903
580.85704
424.03913
575.01793
439.68391
482.16009
442.90996
453.06706
495.02897
456.06804
428.37501
504.49395
436.68509
414.22701
467.206
468.86206
525.39277
448.66896
445.59097
445.63603
434.7291
466.86912
467.45896
488.12985
466.20798
445.73998
544.35015
471.09294
472.11599
537.56213
526.04818
571.93422
517.43102
464.75601
469.6219
497.293
412.54401
529.3088
514.85014
486.22108
468.60003
542.19079
467.8638
464.55503
453.13001
549.08609
480.6869
648.02718
525.70891
509.46403
505.18203
566.47611
481.30894
477.99802
675.58193
611.03916
550.06194
563.66515
582.829
565.04107
567.26289
488.20806
471.51685
557.89399
417.39702
373.40713
433.86388
457.371
458.63008
515.939
472.63408
446.25282
472.43595
569.58699
469.32101
443.77398
528.7919
584.09405
480.28708
524.54281
452.28291
482.7652
504.15492
455.89614
481.56118
514.28294
498.17204
404.27017
468.34588
555.59802
510.01096
413.40399
443.78686
551.22995
497.06507
454.82802
474.94102
460.28996
440.72795
477.19908
476.44901
444.97395
594.33389
441.22601
460.13284
443.97998
464.99991
480.24988
500.88096
459.09619
434.98111
500.45586
461.3781
473.05012
503.98612
456.97784
503.052
475.68893
460.42395
532.05204
498.71683
506.30689
489.26711
443.73202
439.05187
440.32288
481.60601
436.23495
506.006
