394.37294
401.13306
385.23889
458.10008
438.59196
405.83491
388.19599
380.43594
400.20108
378.71099
428.4761
363.66892
369.03405
374.20988
424.62802
368.75391
399.5142
396.01612
484.41482
418.30015
450.67
381.60014
401.42608
378.55196
404.0029
370.67914
431.60915
449.97501
503.46684
428.159
393.47887
380.52917
454.90885
436.8391
440.67001
411.08108
417.19294
422.77694
402.47607
382.28106
393.52083
469.94901
407.91702
443.87484
401.793
443.48288
402.26007
421.6392
432.35898
413.11002
786.3431
612.13398
450.63996
408.96988
394.17005
386.30486
474.93792
422.78099
392.51614
484.24792
654.69289
404.43301
397.24493
373.9109
428.88689
503.34811
400.51985
373.53802
521.84486
413.37609
382.91287
376.99604
388.66901
392.40003
419.60692
401.77512
374.32194
401.9928
382.88999
380.05304
382.90787
392.416
369.74907
381.79994
374.16601
376.53184
382.32994
503.03078
404.24705
436.01203
397.91799
390.28621
366.99414
377.31385
374.41206
433.00796
391.63685
385.01906
385.39982
448.41909
527.79388
370.4071
371.65904
378.65591
367.40804
372.20883
368.88504
365.53192
375.02193
380.14293
372.06602
365.66496
384.65405
389.86087
372.3352
376.51706
377.01392
377.66004
410.37512
409.57284
411.58009
411.31306
377.002
371.90485
367.82813
371.99998
388.23891
368.1519
368.28089
377.49982
404.86097
464.73908
440.1319
462.25095
571.40994
457.3431
389.90784
485.10599
474.10917
504.95005
422.14012
406.15082
366.503
447.17216
383.2221
506.76894
420.95399
516.14189
464.01215
416.97407
558.31313
443.33601
427.77205
390.99717
383.91995
366.79196
388.79704
401.37506
375.38409
382.55405
368.15906
370.42189
370.79
370.52011
416.39614
382.15399
368.13998
376.91712
400.67005
446.35201
408.90503
399.98388
379.43411
467.89193
415.34209
409.39999
410.98905
392.7958
489.10618
457.24416
368.50786
369.06695
368.66498
367.24496
370.42594
368.06488
372.51616
374.91202
372.90311
370.16082
406.31318
376.62601
486.61184
496.33622
453.34005
433.01415
511.34109
446.40589
519.5601
795.73488
