411.10301
409.39188
443.82787
403.68104
454.05483
446.16008
403.48315
406.65197
413.75804
429.58903
412.81009
416.37707
418.2601
420.39084
412.86397
428.63512
430.48692
448.75193
412.6389
452.64792
430.59897
410.09116
459.13887
461.97891
453.75514
470.45994
455.024
438.99083
453.24087
452.72899
470.95418
427.26707
469.08903
434.87692
439.75306
410.64906
431.39911
394.74893
401.49212
411.01003
401.89004
398.01097
444.25797
430.15409
503.69096
462.8849
425.60601
476.70698
464.48898
473.22702
626.64604
443.64715
481.57907
408.89502
460.86502
440.50694
429.9531
413.00702
405.65991
419.43789
415.36498
434.58486
435.73999
449.224
453.13406
440.51909
489.45308
465.96718
447.62182
504.61292
483.325
481.48799
472.44716
469.75994
493.55602
451.49708
438.14182
448.99392
462.60905
461.22813
439.59808
426.01204
417.39392
409.88517
413.91993
404.73294
433.75683
507.56598
463.33981
378.40486
387.9292
385.29897
473.19102
382.80392
412.13799
411.31496
386.82008
377.28691
378.6428
412.22596
524.25885
378.12996
380.54705
376.81079
379.95505
385.77914
380.97596
379.64392
376.95384
377.72608
376.51396
375.54097
375.51904
379.06098
377.99001
379.02904
376.0469
374.50004
376.31106
375.90599
375.80609
376.22809
375.42701
405.04599
391.24703
376.54996
378.77202
376.76787
374.69697
375.48995
377.05398
376.25813
379.70901
374.93801
376.09792
376.91712
381.77514
375.139
379.2541
375.30303
380.55086
375.01216
384.40204
377.54989
374.87578
375.90289
376.30916
382.88093
376.04904
410.5289
527.54188
376.04308
376.64604
380.90396
375.05007
377.04206
387.99405
379.29416
376.64509
377.80094
394.02294
375.16403
384.13191
382.12681
377.7101
377.15006
376.40715
377.66099
376.61195
373.68107
380.795
377.04492
381.63805
377.65908
377.1379
376.81699
377.22802
378.57819
384.51886
376.24812
376.99795
378.93319
376.07694
376.01686
382.66087
375.22101
376.49894
387.23803
375.39697
380.6901
383.75306
380.93305
380.24402
379.04596
387.16197
381.02698
391.11614
413.64884
399.43385
412.12797
561.75184
507.96986
554.90589
469.85984
542.29116
513.99112
516.10112
493.61587
495.34202
450.34003
508.81696
507.98488
475.34084
446.64001
446.03205
447.77489
430.41301
430.65286
433.32791
424.06011
444.02194
468.09912
444.63897
449.0521
418.46895
438.70306
466.95113
478.99389
552.01721
472.10407
496.86384
541.34083
533.85019
526.75986
474.0231
477.11515
483.4609
587.69512
506.6011
496.25111
532.50408
508.64196
471.06791
469.73801
494.11988
475.10195
522.21394
482.17702
514.58597
550.29082
625.70691
573.08912
493.06989
516.82305
514.83798
498.14391
526.07799
516.42299
496.26493
551.45812
535.56204
517.57002
519.43898
508.93092
496.10996
462.71586
507.30395
487.88595
523.66996
550.91
694.29994
639.94718
604.91395
578.0921
622.99299
554.05498
678.52402
627.80094
611.07087
673.65003
625.99516
730.00789
649.47009
664.92796
698.05288
632.77197
690.0959
690.9368
628.06082
623.88897
746.08088
637.29692
562.29091
587.48198
469.09213
541.05401
522.22586
495.69893
519.07802
510.12993
644.85097
501.84917
486.17887
502.33889
503.71814
474.72906
469.70606
479.88415
449.29004
469.80786
468.10699
497.70403
477.88
508.16607
507.68185
514.74404
533.29802
534.2629
591.10618
530.056
576.03788
567.9431
543.27297
507.91693
506.90103
484.11202
477.80395
498.52204
469.58303
479.06995
473.20795
487.97393
455.23906
513.48114
453.47905
503.59607
514.99581
459.11407
473.54507
476.3968
451.98083
471.60816
446.37299
458.88805
451.23506
437.95109
452.35896
436.62691
473.99521
452.74115
596.30394
463.30905
450.73795
453.269
449.99003
455.58
450.5229
456.76613
438.52186
443.98308
461.67111
505.04684
457.93319
462.26096
486.92393
465.65914
443.21489
457.21698
437.24012
421.79489
433.83479
428.88618
407.30381
386.14893
393.75806
388.01098
387.90107
383.14986
384.04202
385.12278
383.27789
386.55496
380.79
384.98878
385.1769
384.01008
387.69102
383.23283
382.03788
384.23705
388.83114
382.89595
381.27899
385.62799
383.30889
383.78406
384.63306
381.38795
383.95596
424.55196
