424.45111
444.30494
475.02184
451.30491
425.67205
487.98609
475.57592
444.86499
459.44691
435.68301
460.46281
435.112
449.78213
465.487
447.07394
494.86303
503.34787
488.41906
463.92488
478.56998
473.71602
458.66799
443.95113
525.90704
431.05698
453.19891
443.56394
456.07686
468.35899
460.79898
448.44985
417.48905
446.82193
435.179
444.3779
454.6361
460.22701
432.46698
449.97811
433.26187
451.40409
439.82291
438.68208
425.96197
432.12914
445.12892
457.87191
471.10009
440.09995
435.79483
622.13302
484.83014
400.85506
450.16289
498.33298
581.93707
513.01599
457.3338
1435.53615
978.27888
429.0309
468.97697
478.61099
446.57493
443.39609
446.74802
442.765
452.89111
494.18497
478.69802
519.46115
468.48989
457.00908
489.32505
485.03184
455.56307
517.69495
510.85997
482.05614
539.36386
501.80316
519.98401
547.90616
491.99295
482.31077
475.01397
458.20713
424.41678
438.07602
438.00211
423.28191
443.49694
440.50312
486.58013
446.40183
462.69512
425.14586
416.72707
425.17304
443.02201
563.936
433.96711
442.97504
420.66288
426.60594
440.62209
718.35089
444.84401
452.96407
459.059
442.82389
457.79586
485.90398
480.66211
463.45401
428.86901
427.52409
487.48422
459.30386
462.81409
442.08407
460.09612
447.047
451.68281
440.42301
438.33303
422.13106
424.61705
504.34089
440.86409
455.616
435.79102
424.50309
411.99684
412.251
429.35491
461.15112
429.59309
425.80104
448.10891
433.24089
424.50595
413.75494
422.27602
498.60001
405.63393
418.015
406.37708
430.74393
547.31798
582.95703
486.19103
481.11582
437.00409
461.57718
493.23702
488.75904
495.67008
509.10115
495.22185
481.27198
470.65902
480.98803
519.82784
551.67007
485.16703
467.07582
501.05619
451.88594
472.84293
456.28786
454.41008
468.29486
467.82303
484.60507
441.2291
460.74104
459.24592
482.25999
445.58907
491.2219
490.062
464.60509
468.37711
1269.34791
558.09188
580.6129
500.89216
497.94292
467.29207
522.88604
480.25608
549.1569
530.9999
513.8061
474.63298
562.0358
566.81609
498.95
652.14586
509.48501
512.96782
551.53084
618.82496
612.88595
578.25184
567.76786
561.94091
545.88413
568.02678
537.42385
552.42515
517.48109
559.01694
477.73314
523.86999
527.75216
464.12396
481.1399
578.62997
473.56796
476.19319
481.06694
454.813
453.14693
465.95311
461.60102
482.98597
460.46686
457.89099
457.46303
450.62113
469.36488
458.70709
418.90001
406.88109
429.78406
484.06577
449.48101
459.80287
456.19822
441.78104
442.00611
447.96896
445.94288
461.54213
439.71705
435.10818
440.42802
429.214
653.88107
455.42312
452.80385
446.21706
426.72706
442.13796
436.77402
465.02805
474.17283
447.09992
443.645
458.50801
462.58283
480.70908
450.8729
481.59313
507.48181
489.97903
491.77814
508.65889
471.92311
503.86405
501.94407
476.15099
430.61495
467.45515
451.6201
427.1419
444.51189
432.00111
451.9949
446.21992
446.24782
438.60507
448.138
438.58194
443.18509
473.8729
469.58303
459.96809
455.47986
454.46801
437.98804
446.39897
442.74688
415.73596
401.18694
412.87208
391.28995
437.87694
541.8272
414.23106
415.88402
408.24485
390.78403
395.05315
421.86785
405.9968
399.55997
408.54812
410.86912
451.226
432.11913
456.87389
427.1121
451.83897
436.75685
440.51099
579.91505
470.13712
482.95188
466.72201
496.34504
482.46789
520.60103
468.61911
473.83213
450.02103
451.21813
471.5941
472.34607
490.6249
459.47695
452.96693
483.48522
457.07917
452.93784
474.1931
481.59885
460.95014
441.66803
436.13195
458.43983
469.84911
417.54699
430.11785
400.76303
429.76689
437.09707
452.636
618.02411
433.61306
443.9652
462.87894
475.24309
521.08908
536.52692
468.96482
483.2139
482.89418
643.61811
3084.69987
7005.25403
3566.26511
1321.47312
766.13617
524.72806
485.5721
456.71606
436.90491
426.85699
402.43602
407.83
396.92998
397.75205
393.41998
389.04405
396.11697
408.15997
396.33989
417.64617
429.31199
407.71413
426.63193
403.63383
422.0202
433.4929
382.63702
387.93921
391.75487
411.74984
464.19811
414.58488
443.49098
459.58114
436.17296
453.31907
448.49205
454.808
493.16216
392.7238
396.04497
406.10695
429.02398
386.28197
390.47194
391.27898
419.88707
412.66084
403.49102
483.26015
395.39123
385.98919
394.92607
388.38696
405.303
392.12608
392.519
419.88707
399.92404
428.11394
405.86495
408.90002
391.10208
384.99713
390.84816
418.14804
397.892
433.86388
415.90214
429.85106
471.52805
412.23097
412.90188
417.8741
432.36709
436.68103
478.42598
416.29601
438.833
428.03502
433.61592
439.49008
426.87511
443.66312
459.96404
497.293
471.87209
457.80087
465.69395
595.7911
424.11995
420.98594
466.35103
518.37587
526.57509
552.12402
513.18288
505.14698
522.03608
432.14703
446.89488
438.74979
433.12001
404.61206
450.76489
395.54
462.65793
479.54106
486.27996
474.09201
475.09003
453.29809
459.01299
552.58298
453.72915
411.83496
428.42793
388.726
392.78483
389.17494
385.03695
389.25099
392.6661
391.13188
384.68599
386.14702
386.03806
439.34822
387.27498
400.70701
404.79207
389.69183
415.205
394.17291
387.99381
455.03807
409.34086
394.56487
453.31001
578.21918
435.30798
498.82793
407.26519
413.68389
422.09601
461.90619
514.35614
388.61108
411.98397
387.043
392.01903
385.88405
392.2801
418.88809
396.81888
390.47289
385.9272
388.88693
385.54311
392.75908
385.40387
438.23886
417.49287
400.17295
392.77506
398.65398
437.69598
386.29198
388.77702
397.42708
393.01705
401.76082
394.02795
406.50606
394.27304
383.0328
425.96197
394.27996
396.52205
396.67416
384.13
386.77621
390.39207
460.12306
392.43007
389.61291
399.91212
384.75204
415.99202
533.4971
465.20805
394.50407
405.4172
400.36488
385.2849
383.79312
397.75205
390.28788
423.96593
384.85098
394.22417
391.76083
410.15983
470.66689
394.64402
386.96289
397.27402
400.77996
407.04083
390.59687
404.39796
408.75316
389.86588
387.69197
385.78105
388.77988
389.77718
385.77199
496.23203
384.98616
383.6751
383.7409
397.97091
387.84599
386.77382
387.28499
391.01386
387.1448
468.84799
384.40681
414.13093
399.41502
386.88684
391.12186
386.6899
427.12402
401.74699
396.78502
450.03891
