399.30606
416.48412
403.9011
398.103
385.0441
400.91181
366.76407
362.921
403.99599
382.43985
399.36018
386.16014
365.40103
386.16705
376.92213
385.78296
386.23405
412.04095
426.61881
395.27392
391.88313
397.01796
402.64297
381.04796
389.53209
394.77301
406.59213
415.14897
382.03597
418.89286
406.90184
400.26402
401.50595
364.66193
387.53986
372.48707
376.16706
363.92212
401.46899
366.67585
360.71801
364.393
349.72191
359.60007
356.3261
348.5539
345.65115
375.40603
347.27597
381.01292
503.23892
368.80922
405.86185
386.68609
379.88806
381.14619
385.12588
362.67519
378.31092
377.89989
401.14117
375.00095
373.16179
443.91394
417.61589
420.54605
399.96791
455.86896
416.47792
401.6521
414.16907
393.50677
463.85098
397.92085
397.60399
465.96789
426.92018
425.71211
434.97205
476.81808
461.32016
396.6589
441.27989
421.12112
463.21702
456.61592
449.13793
437.10899
420.542
437.93511
432.01685
456.99215
406.03995
419.97886
428.03693
419.6291
372.75481
397.52316
403.15413
386.33585
518.39018
392.02094
445.74285
391.44802
395.35594
449.98002
439.16893
462.94689
482.48386
449.15509
499.47786
502.73895
429.47912
412.50396
421.11492
460.71792
430.85814
454.30493
482.41591
449.98121
485.15606
514.65392
458.04119
432.65605
417.68694
416.79001
481.58503
395.50996
442.25311
432.78289
459.5511
429.50797
440.26685
483.23512
535.29811
500.70381
478.5192
466.24017
495.21589
476.71604
500.19193
437.50191
529.217
541.78119
540.60578
491.96386
579.78511
514.07909
534.46102
586.14302
942.03305
769.01412
803.14898
598.90699
530.32804
581.66313
508.44002
555.08518
517.3471
528.68509
557.56021
611.29403
618.27612
570.03689
589.03193
592.39697
624.76015
525.00987
534.88612
566.94508
544.79504
508.93402
517.82894
476.8219
495.48006
449.22996
454.24795
459.60498
464.499
463.88412
437.09302
471.94815
447.48902
466.75491
465.50202
471.22693
452.1091
460.62708
444.73505
488.17515
458.63199
478.5769
479.34008
449.53299
429.71301
422.13297
454.47612
431.26202
436.19108
397.02916
598.15812
590.85703
628.16596
568.959
553.02691
547.89901
513.86905
514.20498
578.19605
546.47803
551.72777
553.15995
520.60103
520.6821
498.95597
523.33093
574.07188
510.23889
547.70684
578.10688
534.88398
547.49489
587.77094
568.79902
603.04308
591.2261
607.86891
599.98083
610.039
615.04602
570.61601
631.76298
590.91115
596.2441
492.22493
496.24491
520.98894
531.13794
536.47614
489.68315
491.395
492.65313
478.00589
478.98412
480.96204
511.06
475.86918
524.19996
550.08292
562.16192
661.65304
574.96905
554.03495
537.51588
541.31818
496.6259
526.01624
512.73489
508.183
509.00912
521.10195
498.82293
553.70402
630.88393
571.51103
580.91378
590.26814
635.02789
549.96109
596.30704
547.85705
616.37282
633.03614
618.16192
664.74915
632.87997
681.85997
585.953
598.01292
557.55901
605.41105
591.19987
649.82009
593.06693
683.27498
677.2089
683.88414
684.67093
647.91393
708.23503
784.14607
670.892
766.04986
603.99103
683.86817
715.11698
725.05403
687.27303
682.70111
639.24885
826.98298
606.00901
665.8361
576.26987
571.95401
493.0861
509.90987
523.34595
528.52702
499.53794
512.95304
439.84699
396.22188
403.43308
390.73014
388.50904
400.93207
372.05791
371.98281
363.0681
353.31917
341.69602
338.88102
336.01999
335.43086
339.72597
339.01715
331.07901
350.91186
337.88896
331.09403
332.06391
332.93891
331.90989
334.10597
329.61178
337.88586
331.55489
335.99401
332.14903
330.81484
333.05001
332.03292
332.98707
336.40313
333.5259
337.11791
332.34215
334.19895
375.58198
564.94617
332.932
334.44691
330.52802
331.7461
337.73708
341.61186
333.04501
333.84299
332.12399
333.78005
334.48005
330.9958
333.88805
331.08807
329.89907
334.16891
338.10997
368.20793
329.386
332.18884
339.22291
334.79095
331.08497
330.72591
332.32999
337.09407
333.22883
332.63397
332.98802
336.92408
333.16398
331.81906
334.18608
331.92897
330.29604
336.07292
333.72903
335.01697
331.002
335.87909
333.38499
331.68697
328.00508
388.99207
329.0
330.61814
342.43202
333.10604
371.11211
