367.18321
360.641
377.00582
359.29108
359.92503
357.9371
358.91318
372.53594
358.92081
361.0301
361.55105
360.37993
360.17299
358.042
367.42401
362.92696
361.43804
357.00011
358.17885
358.70409
360.40807
360.27002
359.44605
360.76999
361.03415
359.94005
360.90088
362.27798
358.54292
362.32805
369.7629
358.922
360.16893
362.04386
358.17599
359.66992
359.39002
360.677
371.16599
361.67002
360.26001
359.85994
358.86192
373.70706
358.66189
358.65092
356.26698
357.73587
361.18603
402.67015
511.73782
362.41603
359.28202
359.67708
361.02486
360.20899
359.03811
358.30092
359.52902
360.01015
366.83607
360.66604
367.50817
360.08501
358.04105
360.62002
359.67898
357.934
360.03804
357.83887
359.75218
358.65307
360.06904
369.15398
359.05409
360.26597
357.16891
358.54006
359.07888
360.78095
362.5381
358.25396
360.18419
361.08804
359.37905
374.71795
357.11288
358.922
360.955
360.54206
360.25119
361.92822
359.43794
359.50685
357.19299
361.15789
360.322
359.50398
360.16202
399.827
506.95205
370.63003
359.16114
359.85398
362.28204
358.00004
364.77399
358.42991
357.82814
360.38899
358.92797
360.15892
359.54094
358.7079
358.40201
359.04598
359.42388
361.41205
362.64682
359.91716
358.77514
369.21191
361.43303
381.82712
362.43892
360.90279
373.57593
358.0029
358.17719
357.34415
359.61699
360.38184
359.41887
362.58006
358.87408
365.57794
363.14821
359.03883
366.19115
373.73209
377.07591
377.52295
378.49903
373.56997
372.23601
377.30503
374.67098
369.14897
373.30794
407.45711
524.88279
367.64598
366.50991
369.91501
367.17391
386.92498
371.30189
372.10584
376.07813
380.0261
373.2729
372.3948
372.15686
382.53999
376.80888
377.87604
372.44105
374.23897
376.791
377.19321
375.02599
380.89991
375.90098
374.03297
373.52395
375.63491
380.91707
376.05214
374.78304
376.07884
375.38505
373.137
374.68886
375.6299
376.89519
370.2569
364.07804
378.74508
371.4292
367.03205
369.18187
368.41202
376.24979
378.06392
378.27706
389.23097
376.95813
373.13795
373.79503
415.92884
384.84192
374.87292
378.00503
379.7071
377.48313
407.75204
380.80382
373.92092
377.37298
383.286
377.05708
392.63797
375.05698
380.36919
374.30096
372.51115
389.52589
375.2811
377.52104
377.78997
388.13901
377.69413
378.24798
378.29685
380.17178
380.35989
400.82598
387.48097
377.30289
404.01387
378.38483
374.41516
382.03096
380.54419
375.916
387.03108
377.88701
379.40383
379.37617
402.179
383.64005
386.03687
388.52501
382.13992
377.81
378.15118
376.49202
383.68106
385.78486
424.088
535.75516
389.62007
463.96494
399.25194
408.17904
375.78511
377.9211
387.12192
374.789
385.14686
378.88312
396.17395
375.74911
376.15395
376.04809
376.8239
383.37207
401.788
398.63706
375.90814
421.98801
379.02808
378.81398
374.49694
374.65382
384.30691
379.0431
380.38087
380.81288
379.7431
406.79288
375.89788
376.25003
376.81007
392.86304
409.41
378.79515
388.3009
376.48487
382.45916
378.61705
382.69591
374.70698
431.93793
374.1188
418.49113
399.92595
376.27101
423.39778
433.27498
551.26595
377.69318
377.99501
375.34189
374.21298
385.05507
399.50204
378.63779
389.29081
374.2938
392.87496
391.289
378.77893
419.75212
378.78799
387.38203
406.92306
379.52614
409.266
389.11796
376.79696
374.16005
374.80092
377.25306
376.05119
376.23477
421.80514
377.04587
403.11694
382.77793
378.79014
457.09491
377.29716
380.04684
403.74994
379.77695
414.01315
408.50091
375.80299
418.7429
382.66301
399.79005
391.51406
379.40192
377.71201
380.97811
376.00303
377.81692
383.35395
419.51609
523.35286
400.91705
390.97214
400.4159
398.51999
377.56801
411.60202
396.74687
375.53811
389.292
375.64707
379.64392
381.95395
382.37405
393.54706
392.39001
410.01892
377.66314
376.88303
426.89896
380.87082
376.14799
420.14194
374.53604
387.14695
444.73791
378.39508
400.18916
379.12107
377.91395
375.41103
378.28398
384.78017
377.50387
380.29504
377.80595
386.765
407.12094
389.534
389.02617
394.04202
402.89402
375.65804
372.64585
376.31702
386.61885
375.49996
373.56615
380.15604
450.63806
358.93893
354.53486
368.51597
356.33516
355.33786
359.13181
356.99201
357.28097
357.66602
354.68698
355.37291
354.30598
354.09212
355.01814
360.0502
417.86313
359.96699
356.77314
361.80592
358.28996
356.29416
357.15103
354.30408
358.53195
353.94001
361.63616
354.79903
371.67883
358.54292
355.00884
353.55902
356.7028
356.25005
359.59792
359.26914
356.16684
353.90115
359.03001
356.4229
356.33707
353.66297
365.15808
355.78704
357.26094
357.24592
355.30806
382.87282
367.78498
354.91991
402.8821
506.22988
353.62101
354.68817
383.29697
356.87184
354.45809
355.93081
370.13912
354.05898
354.40516
355.40485
353.86109
356.75502
356.14991
355.19695
361.99999
363.45291
379.02999
356.18019
360.14605
355.90696
373.92211
354.68483
359.19404
353.62911
355.6869
357.25689
359.21907
355.51596
353.68586
356.93812
354.13289
355.21793
355.77893
356.92
368.08014
357.28884
355.87215
356.07481
354.88415
355.68285
357.67817
356.52614
357.03683
353.78599
356.33802
357.51796
357.30886
356.00615
399.74403
506.89793
361.66692
374.15504
354.79307
371.89698
355.443
355.67307
357.14912
352.70786
351.511
356.45819
353.36995
353.42598
355.09205
354.84004
355.34406
369.33684
355.01218
354.51698
356.20379
357.10812
354.60305
355.04603
356.90713
357.31697
356.76479
354.918
357.0478
357.21016
357.59997
370.06998
355.05009
374.63403
356.46391
356.92286
401.35598
355.77703
354.83789
357.29814
354.52914
360.26502
372.159
355.34501
357.77807
357.05519
356.67801
359.96294
356.34017
358.17599
399.05882
507.15494
358.0811
367.03491
356.40192
355.15404
354.20299
353.66321
357.42593
355.30305
364.66289
371.92297
355.04007
353.63507
355.60513
356.3509
356.43697
358.08492
358.56915
358.35886
356.34899
356.50086
357.10621
353.25289
357.40018
364.52103
356.60195
358.25396
354.31504
355.99589
355.79491
354.94995
357.162
358.06203
356.77385
355.27492
356.96912
354.78401
357.66315
372.17021
355.196
352.85711
355.12996
355.73387
355.69406
354.15602
355.26109
354.95591
355.28493
356.26507
406.29315
