495.35584
496.13285
497.84112
491.92095
492.70892
493.13188
493.91413
490.96417
491.9591
492.70701
492.32697
491.20998
491.47391
492.56992
490.75484
491.956
492.19203
492.39993
500.7751
534.62195
495.18585
494.10915
491.23216
494.91191
507.83682
1066.396
491.32609
531.56805
494.35306
492.99502
491.956
491.79792
489.63404
501.69396
490.82303
513.57293
491.82415
511.74402
494.30704
514.08601
491.92595
503.74389
494.70901
513.32998
495.97788
507.73692
493.20292
511.29103
495.51392
554.52394
641.01791
489.32385
491.3578
492.57708
493.86692
491.13917
491.87899
496.20318
533.29921
496.70482
501.6129
503.407
493.94393
493.20602
555.63211
496.7041
495.85915
492.95807
491.678
497.61796
526.80588
493.21198
490.86785
493.8271
501.35398
491.56189
494.97008
490.46803
491.70804
489.37488
493.07084
489.72201
491.71901
499.11404
490.91506
494.46106
495.02206
490.91005
532.70006
514.575
539.60013
494.57002
493.11304
494.06719
489.3229
492.22302
498.00682
493.56198
1491.90998
548.98596
648.45896
494.72904
492.10691
491.24098
501.67298
493.06393
489.95996
494.57121
492.96999
509.99618
492.54799
493.89195
491.69111
494.23194
573.88282
492.21492
494.70305
493.87479
493.06703
496.12689
499.68004
492.77711
492.98215
493.41607
491.87088
494.14611
495.435
492.88297
495.69607
491.85395
525.32005
495.10407
493.92414
495.89705
494.45415
492.81311
492.36894
522.93181
548.44189
505.43189
495.368
495.46289
492.85603
494.82203
500.10204
493.81804
490.453
491.09197
495.60308
541.55111
641.51597
492.71894
494.596
492.58614
492.84005
523.12899
501.01995
494.43102
490.01503
608.26612
490.23008
496.30189
556.0708
494.35806
491.57214
539.44206
492.55514
586.17783
491.85491
491.57691
490.63706
491.19782
494.51399
492.43212
496.22297
489.95805
511.28197
491.46605
503.36599
491.35399
489.3229
493.46614
492.71202
494.00401
494.31515
491.93597
493.87193
491.80293
511.00206
494.95316
507.94005
491.47701
513.93604
494.62295
581.774
490.60607
495.60595
493.0799
496.03486
537.63199
684.2258
740.81492
691.16998
717.97395
771.04998
687.86287
703.23014
674.00002
661.98111
661.01909
624.10593
611.46617
627.79593
614.65502
648.51499
739.93111
688.02595
739.06898
732.23591
739.69197
707.02195
788.01107
793.18595
740.83114
684.47185
683.4631
763.3369
742.24401
753.4039
741.0531
754.47202
775.78902
758.93688
866.98008
758.94284
748.92306
758.34799
815.12403
1397.89701
803.06983
1010.05101
1133.21209
1144.09208
1077.29793
1135.11586
1158.72121
1157.1238
1031.48818
1076.79486
1186.79118
1381.57392
917.08779
875.52404
787.42695
903.37801
845.73913
775.96498
806.88286
881.99401
848.02508
846.65489
770.92409
686.51199
717.45992
709.34296
817.65509
672.38092
681.46896
737.33807
693.84885
683.48002
670.13884
679.06904
659.5099
656.65698
640.38396
635.99515
665.49587
618.62397
619.1771
620.64385
663.11407
630.0199
617.14792
715.07716
657.95493
614.20894
641.26396
683.45308
636.549
688.89093
658.49495
645.96796
624.31407
640.36703
632.23004
615.65995
613.32512
617.91086
658.66089
758.20184
633.48603
640.78522
613.56401
619.18211
611.86504
657.26018
603.74999
597.04018
631.15597
598.65284
616.12988
570.19281
565.64713
578.59707
582.85809
598.83618
594.03205
563.25197
679.03495
700.33407
652.11415
636.13701
606.13799
594.16509
632.29203
621.10806
655.30992
579.87905
618.016
607.14507
674.97206
598.30809
581.532
657.56083
597.96405
647.70603
685.04095
681.24199
660.49194
642.98201
797.93787
669.01493
650.09713
609.15399
629.06694
675.0381
646.034
656.24499
644.49096
782.81403
610.63504
625.64993
644.02008
661.95512
697.74294
662.8449
674.38006
725.10386
721.81296
712.147
672.80507
692.24
738.343
813.32803
777.80294
811.02204
852.24414
766.53314
1016.289
754.84896
757.20906
758.38614
756.45494
725.09384
762.02178
744.43698
644.48881
634.341
619.38
641.62707
639.60695
628.36289
635.19502
563.5581
552.94394
564.52394
552.7091
568.90512
552.28996
561.445
568.05992
565.79709
561.16509
556.12016
562.33191
660.43305
549.91221
559.92198
584.81407
552.51598
549.30687
551.57495
653.48816
555.46188
685.97507
549.66307
550.32206
555.92513
553.07794
564.65602
555.91702
556.95009
550.05002
580.832
563.42793
554.64506
553.59292
587.7552
571.43092
550.59505
551.74088
549.42012
553.59101
552.31905
551.65315
555.45211
622.65396
551.88012
549.95584
553.83706
1034.29103
1636.71398
2178.52712
1954.66185
2192.89923
2232.56922
2258.84795
1569.09704
550.41504
550.08411
552.08087
551.25904
553.97511
550.79484
551.66602
552.33598
550.90594
552.93202
592.78417
707.60393
559.726
551.04113
553.10988
550.51303
552.29783
567.53302
629.66609
641.675
554.04806
555.9299
551.52988
550.95911
552.36387
552.10209
551.03517
551.43094
572.70408
552.0618
565.31811
551.50509
551.07999
552.423
550.0741
551.15581
552.19722
554.08907
553.18403
550.81415
550.42386
550.43292
560.40502
550.57216
552.04701
552.22011
550.81892
551.26095
569.56506
553.67613
552.83499
555.54819
551.84007
553.00713
559.51285
550.66895
553.39193
552.33693
552.40917
552.68383
595.09397
720.17288
553.77102
555.21297
555.76611
554.07023
555.11308
554.03495
553.76792
551.14198
555.84788
552.17385
553.07198
568.69698
553.03884
553.88784
654.40583
551.28789
553.60317
553.04217
613.05094
550.982
552.98805
561.99002
560.99606
552.02484
552.6979
653.99098
564.17203
609.79104
550.76814
551.58091
553.59697
550.15016
552.3479
550.9069
557.51991
551.95618
878.46589
579.09083
556.75578
558.59113
569.26107
562.47497
664.53791
554.72016
550.83394
550.32802
551.78785
569.02504
591.92801
722.09692
554.15797
558.32696
553.65014
611.92608
552.459
552.99211
656.5249
552.42181
552.81496
573.40312
572.74294
617.872
552.25897
570.63198
552.88601
552.47998
553.36404
555.32193
551.42403
569.70119
563.16304
552.1419
577.7061
549.89791
551.62191
552.26493
557.48296
554.02207
551.82195
550.33207
553.49803
553.35689
554.29006
551.26691
553.48897
551.43309
551.44715
550.65489
576.56312
552.64497
551.48983
553.26915
549.23606
554.6639
573.14396
553.94197
558.79807
581.59804
608.89387
