463.55295
512.11691
482.06687
430.9721
474.9341
496.26613
476.43709
460.37102
454.98013
483.48999
455.61099
481.56118
438.36689
461.10988
446.40398
491.05382
497.8869
501.333
495.56708
499.94922
466.71224
514.88781
463.96685
464.45799
464.25796
433.60806
456.11405
429.636
447.335
427.02293
433.34818
407.31192
502.44904
433.45404
437.26277
491.86397
542.29188
452.86894
478.11484
464.57791
434.28302
389.67681
384.73511
383.30102
360.43406
424.20793
385.94604
407.57179
427.77181
435.45485
533.76818
364.85291
371.80781
375.06199
367.99002
389.90998
373.53492
372.56217
376.25003
386.63101
418.14494
394.55295
397.73297
391.77513
387.51793
372.41101
382.30991
386.5099
378.31402
385.72884
375.92411
410.13098
406.48794
399.43695
443.12811
409.02305
442.23309
398.26107
407.35507
413.78093
421.0031
397.28904
406.26907
411.25011
414.48808
435.41312
440.84406
417.13905
433.87389
419.11697
439.4021
449.81909
539.71004
489.21204
461.88116
525.94805
462.37516
488.06
471.26794
464.96511
651.60704
471.09294
439.75806
451.87712
451.48396
432.35517
482.759
477.28705
476.28999
498.05307
512.24804
488.96313
500.6969
450.34385
498.94285
474.65014
426.71204
435.36997
481.61793
473.87099
594.64693
463.46712
468.59002
464.37693
471.34495
470.36886
453.11499
450.62494
428.47085
437.15692
486.92918
528.60403
493.07299
474.09797
570.94002
486.72605
547.78314
488.97099
477.35381
435.23908
503.95608
463.86003
419.029
428.70903
433.02107
455.66201
436.2421
452.4641
443.83812
476.11618
613.51609
466.08996
501.95503
466.28404
462.44693
496.21201
487.71691
483.99115
446.46788
443.86601
457.84807
429.63505
425.915
465.85894
488.08908
502.18916
415.39288
439.24999
537.80103
513.237
532.87816
455.12295
492.90705
469.65098
439.28695
444.98301
461.78317
424.79992
454.53882
407.12118
402.79102
401.6149
432.36208
422.93119
450.47903
427.2151
411.05795
413.98001
388.63301
413.78093
395.62488
389.94217
405.74598
426.3761
422.12892
460.62589
419.21616
436.77402
427.76585
421.39006
556.39291
588.94682
626.16396
644.53793
672.96815
682.33299
674.14188
653.56302
610.37803
658.80108
708.98008
636.05189
771.93213
721.00115
675.83084
649.68395
685.56499
605.53288
652.24314
605.30686
611.00006
615.11612
652.26197
533.80585
598.04821
561.41877
544.77215
485.70704
484.68304
480.6509
451.77007
471.66395
437.03794
456.85005
469.44594
474.63894
506.44493
485.38303
455.52397
468.66703
468.05286
450.9871
515.96999
534.16204
524.87493
514.24098
477.67687
498.01302
487.02812
504.14395
642.84396
511.94096
505.13697
439.16082
468.64796
484.98893
468.10412
478.19686
487.97297
447.73197
447.85094
472.24307
469.96784
467.78917
491.23812
484.42698
454.03504
454.51784
471.69614
475.33393
504.48489
457.973
456.98595
468.33992
440.75513
486.83119
472.47791
484.60197
516.82091
473.51003
492.70606
534.81388
494.61794
522.42208
498.10195
583.18281
498.32511
551.67508
502.88796
489.40778
877.84505
1734.8702
571.91896
560.60982
590.62791
613.76405
611.8741
660.84814
570.15395
588.18984
731.5588
596.42911
543.00904
555.58395
578.26686
594.68102
591.90607
620.17393
667.59086
662.7512
657.50003
760.06508
776.22485
800.38309
746.95706
720.46304
694.11302
650.35391
626.78003
613.90901
677.13213
702.24619
779.02198
831.03681
770.329
744.56906
803.28393
794.04283
735.42118
812.66999
662.90998
631.24514
684.63898
663.09094
670.31503
724.61605
705.99818
653.64981
771.7061
639.71305
724.473
674.87001
691.94913
665.65681
663.73706
700.74487
743.83521
684.85999
634.34601
718.59694
864.645
610.87704
670.64404
651.87502
666.48006
682.62196
657.29213
593.63008
563.83491
580.11603
551.19514
571.85197
537.26697
559.8278
531.96597
521.81816
509.05204
474.13588
523.80395
540.80391
463.35196
480.86309
506.72889
485.59093
487.71787
509.35507
469.9409
489.995
485.71086
568.31503
535.59113
522.97187
542.03916
492.18416
494.97008
512.0821
497.37406
466.94803
494.35091
472.5399
448.56906
478.10912
477.71382
474.70903
452.36993
455.63602
459.32698
426.00703
425.39287
483.25801
914.84714
785.03799
797.42908
776.81613
857.4121
851.84503
817.343
846.48108
843.27292
778.88608
598.42992
632.38907
671.92793
650.9161
639.40787
716.59303
826.31493
886.74903
873.60406
1080.55091
1082.51309
1127.30002
957.99899
956.83098
940.5508
997.6778
856.534
857.75995
893.73302
731.22716
834.63788
808.27498
759.84812
955.93405
823.06886
909.34515
869.36498
830.8959
879.35686
761.94787
649.99509
679.79097
674.44801
693.48788
711.73406
668.73598
667.73009
653.023
627.86102
633.26192
728.85489
567.78502
562.78205
581.84004
531.5752
484.23314
491.29486
472.05591
581.09808
510.33902
483.8531
473.60992
486.66906
479.00391
516.72697
525.17009
570.93692
532.35507
582.39698
570.29796
515.34295
492.79594
489.8839
491.05597
523.8378
540.83014
493.325
509.89795
537.75907
542.16695
542.35792
553.80607
537.81486
562.14118
614.29477
562.464
537.69803
528.40996
519.56797
512.26592
545.90201
522.67504
513.00287
472.79692
469.04802
481.68516
485.533
468.58621
467.67902
485.83698
737.90002
574.57995
565.07897
559.58009
561.29098
531.56686
529.69122
549.8569
495.05901
536.54003
556.06103
559.57007
524.97888
656.85296
647.53795
664.85596
572.44301
608.96897
597.04399
638.24797
610.52799
589.71286
652.49205
631.90007
658.77008
607.21517
565.43779
670.9981
673.48695
645.86878
670.151
653.2371
630.87106
662.43815
585.59203
579.58102
602.64802
553.41101
625.18001
548.25687
583.83799
585.28304
620.90993
577.63982
652.01092
642.24195
684.81493
648.64397
678.53618
562.26683
762.55512
599.81394
615.62681
552.60396
626.8301
615.40103
687.77585
647.07708
615.40389
669.36207
645.52903
647.74609
614.79902
621.34814
601.5501
608.62899
578.93109
530.71713
593.00113
584.32198
571.64788
570.28103
544.69681
509.10211
494.36688
571.26498
502.846
547.63794
568.56298
592.79704
523.17905
565.94419
565.64903
589.31708
591.99882
530.62391
603.38593
589.02001
582.52501
483.37102
571.15388
523.46611
498.05999
499.24612
502.5599
484.128
577.05688
464.09607
494.72189
491.41788
