1085.24704
1026.85213
882.74908
883.66318
782.90415
801.67007
785.54678
835.13093
806.82087
722.21994
800.7679
816.76888
745.44692
674.23415
692.74497
736.44304
734.07698
659.41691
594.25187
675.36998
662.84299
649.13487
641.89816
691.48088
645.23888
707.17692
695.09292
765.00702
678.3421
652.48108
755.84197
703.73702
678.32112
721.47107
681.88
637.85791
641.02912
678.23291
681.62203
744.08603
775.25711
855.54814
725.54493
755.71012
731.33016
730.09396
737.93292
754.95601
710.46805
869.63105
1008.65698
1030.31707
1021.6341
1060.92596
1075.64282
1258.02183
1021.67797
1088.77492
1158.17595
1086.62701
1054.01897
1011.80291
1002.95305
1524.31202
1103.79481
985.83698
928.58505
904.62303
870.36204
774.91093
768.59307
771.18421
803.42197
818.14599
791.29314
793.30111
812.01601
761.09314
717.95917
668.23387
658.45203
580.18088
605.4039
628.90601
644.3758
630.14698
593.82796
576.85685
596.30203
574.4071
597.29004
568.43495
563.41505
598.14906
567.29698
584.02205
616.92309
639.88996
624.88103
649.67012
782.49311
635.87308
612.79488
613.48486
623.0619
577.02684
571.82884
596.15397
614.63022
568.29286
589.67304
684.70788
719.22088
706.66599
650.47598
729.08497
659.45411
705.73616
716.31598
725.44098
771.84892
790.79294
886.88016
802.53601
1021.93403
953.54795
1077.79193
912.19902
912.35495
1002.16699
938.70497
1011.85203
923.68793
858.79111
920.34507
946.21801
835.26421
698.94004
721.35592
707.58295
686.17511
643.83602
637.88581
579.16307
587.19206
578.12619
583.89115
603.40285
592.94486
596.62008
757.85708
580.65486
579.0422
582.41391
588.41801
533.813
527.951
579.79393
573.42601
590.18397
572.18695
611.85598
601.794
603.00207
566.65587
575.17695
560.06598
560.15801
580.77216
572.80493
571.77401
607.98001
595.38794
585.90388
594.40899
549.02196
587.672
552.809
544.2059
550.81201
554.039
536.18407
572.29209
604.15792
592.28992
620.78309
593.40906
638.134
609.04098
577.66819
559.92484
537.62484
535.91299
618.97898
597.03708
582.04603
627.65193
686.47099
697.63708
710.00004
501.55902
509.84907
502.91109
511.77192
510.41389
499.97211
509.30786
507.1218
600.37398
561.18393
530.53117
512.85291
510.92696
502.61497
501.70112
501.99604
584.52797
502.702
510.34808
499.722
506.69694
501.68991
506.30212
510.65397
499.91608
520.3321
498.703
512.23111
497.95103
514.43911
510.83803
513.18693
508.84104
521.73209
504.80795
509.61208
514.94813
561.12909
501.99294
536.57317
503.22008
579.00691
563.06982
537.93502
513.19098
610.27598
654.86813
589.67614
600.8811
595.81304
779.67596
691.48493
652.46391
723.51503
683.20704
681.62203
747.67804
674.39294
674.20697
697.84689
709.88798
708.20713
731.79793
716.61997
730.582
731.19307
809.42106
662.00399
643.38303
627.3489
629.15683
596.89093
602.72479
620.83983
569.78703
593.36805
533.58102
547.00398
578.61018
552.43897
553.31802
578.20582
615.38005
604.90298
612.23793
565.04512
577.43716
635.25796
627.04301
620.01801
654.70791
675.62604
630.18203
590.00087
615.67903
626.26791
612.88595
640.87915
641.8829
633.57496
758.03494
637.21704
643.14198
658.91409
739.93683
668.37096
691.61677
677.72603
720.62588
817.88611
685.22215
694.345
618.66283
671.87715
660.47382
658.355
691.86616
753.71313
775.35796
755.9011
747.43605
771.43288
776.45707
750.6609
840.77406
740.5889
762.94398
960.23297
792.27591
876.02401
1014.30202
936.9669
838.274
823.7679
769.30809
877.87294
763.32808
718.97292
752.9211
736.46998
672.3249
783.73098
657.6941
683.26688
709.34391
695.73998
722.84102
707.97992
652.89211
655.43509
764.21094
613.9369
628.97897
623.67511
649.966
595.08514
595.14499
603.53804
610.98504
595.15905
605.96085
650.71797
676.00894
695.3609
638.14497
648.88406
693.82811
627.4159
656.85511
622.36118
622.9229
729.93994
732.59211
688.76195
723.20294
626.02806
702.82602
644.26589
723.70219
657.52101
672.58286
670.98212
622.02477
604.94018
611.62305
604.40922
638.03196
572.55006
573.19093
612.86592
610.41307
579.01692
566.69307
600.50607
607.80096
549.06988
549.72196
528.52702
541.67295
555.36103
711.35521
747.91288
758.07595
735.79907
734.22813
713.0909
713.95087
733.68692
671.26083
699.35799
693.69411
745.33677
739.97808
688.85994
645.87307
695.08696
681.48398
711.69591
707.47185
746.82999
713.11808
693.326
666.76807
656.36897
664.08896
736.58395
747.21313
772.17793
757.9422
790.05599
761.69801
802.27494
723.42801
786.07678
778.31793
712.99005
772.49193
762.94899
724.62606
829.51498
852.64683
853.35302
835.27303
745.97311
768.04805
784.53493
789.1922
828.04203
737.68806
872.3762
931.37193
836.22193
798.41304
868.54291
852.61798
845.50381
864.4321
784.14512
821.90299
726.69101
775.82383
847.75901
856.67706
761.89613
845.02101
783.8099
845.52598
838.41705
785.99215
794.19208
1016.94798
889.33587
829.13399
780.72
851.8579
854.14696
873.39711
832.99398
959.97596
830.28984
800.89283
799.52288
815.79804
822.05296
794.14511
834.57494
745.6851
732.66602
681.73003
699.47219
695.07289
664.011
642.4489
664.03604
634.79304
629.50611
701.06816
669.00492
667.74797
652.15111
844.12313
683.12097
737.83493
683.33602
658.12707
719.48099
679.82793
621.39201
677.18101
653.19109
672.74809
682.62601
690.43303
729.27213
714.30898
719.95306
765.0919
738.58285
786.66186
733.92987
691.34808
693.86411
816.05887
756.01888
733.51002
696.34104
758.94594
729.65884
728.369
729.2459
734.28106
730.5851
706.08592
721.71497
721.25006
778.332
788.08689
786.07583
721.43412
701.00093
711.061
826.55001
691.72907
687.63113
701.82896
766.26992
702.55709
700.52099
696.74397
674.45898
793.81108
633.23808
652.41098
675.58408
664.00003
643.10789
667.26899
704.88381
699.67508
730.44896
714.9961
679.11315
721.57192
695.12486
691.40601
712.70394
656.48508
642.12203
615.19408
647.69197
642.23909
628.24702
659.75213
670.00413
696.21587
699.10717
686.47099
689.08
684.88884
669.63983
714.54406
708.13608
671.10801
709.60188
711.57694
763.44013
741.34207
736.29904
815.52601
790.95101
753.31211
695.58096
739.07995
726.12214
737.93507
722.66293
728.11389
707.35192
725.98314
720.60299
