353.17111
362.45108
345.41798
349.53213
352.40793
353.87802
386.03902
354.23398
354.79093
365.15403
357.69391
358.78205
379.39501
350.29197
349.85614
352.16999
344.92993
342.23485
345.95108
354.03299
342.56005
354.0051
350.32892
356.9212
351.69697
351.04394
365.00883
383.79407
382.15208
393.924
402.76003
354.39396
360.82816
354.17986
358.11019
362.08296
360.78501
357.76806
359.1888
357.93805
357.27501
346.08293
365.51094
349.02906
356.08506
367.01989
351.28593
349.80893
358.65307
376.52707
500.99397
350.37804
364.33387
353.3771
363.42883
403.17702
372.13302
347.06211
355.78609
368.05701
357.28097
370.51105
382.1969
378.91197
412.97507
389.03403
397.77803
380.44715
418.9949
365.99517
366.59598
354.27403
347.77308
349.15709
350.70014
359.03096
359.18593
363.51204
376.58381
352.93007
352.81897
350.02303
361.40895
401.0911
378.4039
373.91496
404.16789
381.88386
416.27097
403.76592
417.24014
515.7311
436.01012
429.71182
463.3801
493.76702
466.06088
436.75113
437.60085
411.34095
570.2579
442.24215
418.48588
405.51805
404.44183
428.12681
415.08985
396.27218
393.92805
433.85792
389.88805
392.40789
372.27297
389.27913
394.44089
384.64189
365.24582
392.77697
387.29382
436.63812
442.38687
448.60792
466.96901
457.3791
455.12486
432.86109
468.45889
466.74991
488.7321
618.62206
585.67405
619.42792
578.88603
573.282
578.43399
630.40304
656.11005
709.63907
817.7681
746.44399
680.1219
804.6391
849.04909
791.48197
794.96503
771.14892
828.41086
824.78595
813.39478
742.44404
822.28088
696.73681
711.81703
623.44193
574.92304
573.37213
550.82989
566.293
604.80404
533.53906
469.61212
511.18302
546.18716
574.46003
537.75883
529.13284
472.42594
606.90713
489.96592
593.66012
478.63507
528.82409
605.6211
457.48401
493.45303
540.10105
461.11608
472.35513
447.48497
463.11402
466.60209
425.14205
442.81101
453.16792
435.32896
446.89202
418.14494
411.73601
455.39284
420.6059
455.35707
461.49015
487.50806
444.81492
427.87385
404.17099
441.57791
432.67894
430.01604
516.74891
324.2321
316.62297
335.2921
316.87403
312.54196
356.66108
318.06588
313.694
314.02802
333.83918
344.29908
321.6691
329.69689
309.95107
320.19091
342.15999
311.70321
315.06586
379.03905
334.04517
311.92994
356.81105
313.7989
314.92615
390.29694
313.10081
313.3409
359.76696
321.14792
329.80204
352.97894
312.77919
311.05804
314.188
319.29207
317.57522
329.42581
309.57198
312.57987
344.40899
313.05289
311.46097
374.65286
317.84487
310.44698
334.90014
316.96391
325.43182
356.41503
348.00506
493.76082
340.16299
311.95688
309.52501
358.55293
315.09089
311.17988
310.17303
309.37219
314.81886
321.9471
309.22484
311.63502
348.3398
310.00996
313.79795
387.41708
318.80713
316.94102
343.88113
311.9719
315.09781
310.781
310.57119
316.19096
319.07797
308.4352
309.95011
309.03602
354.71416
316.1819
312.43086
363.19685
311.05399
312.27708
319.60011
317.31796
310.17089
351.55892
311.45597
308.99286
355.32999
314.73207
315.58013
339.75101
316.58792
310.50801
345.31903
313.64012
355.68213
563.65108
310.53615
347.53108
324.94998
318.78304
309.0899
356.91905
311.92899
314.41402
324.70083
315.43994
312.52599
309.62396
309.91006
309.61108
343.29104
310.55212
310.37402
333.65798
312.06107
311.04112
309.18813
322.05892
312.19602
322.81709
311.22088
310.06193
311.7671
333.73904
310.90188
322.90721
371.33622
319.68093
311.54585
386.06
309.29089
312.03103
349.83492
311.95188
315.804
324.69606
316.046
311.05208
341.95304
311.45597
314.20588
338.73987
346.56596
311.19704
416.75186
615.67283
329.40793
311.84816
311.45597
314.79001
319.73219
315.92703
307.78193
311.32698
320.83607
368.13593
357.41401
332.80301
383.12697
309.21912
321.9471
351.928
321.2862
315.35101
309.88812
311.87105
307.55091
342.14497
310.23192
310.09698
309.78489
325.19412
308.57396
317.01207
316.25819
309.70407
311.14697
350.93188
312.70409
313.41386
383.02183
311.32793
316.83302
340.7948
313.30895
319.69213
326.68805
309.29685
312.10184
316.28108
308.97212
317.53182
362.80704
325.22011
357.28693
309.74603
315.67502
358.02889
310.20212
317.69681
315.29903
320.74189
311.40304
316.8509
342.89098
311.57589
313.42006
331.83694
329.42104
313.60602
354.28405
316.28799
313.55
338.46593
322.76607
350.30317
332.587
310.18591
323.79603
337.47697
310.43887
319.85283
317.85202
329.81205
322.09897
349.087
351.06301
320.76192
323.15612
327.8048
321.0392
344.31219
325.6259
317.21497
319.87786
338.40704
328.77207
323.7958
329.92005
355.03888
334.92398
328.866
314.30197
339.31494
351.69506
557.86109
319.08894
313.14802
329.03194
364.71605
315.06419
319.93294
344.34605
313.797
312.89911
322.10302
320.12391
334.84292
322.927
310.12511
316.15114
315.81998
310.96578
321.92993
345.30091
374.00007
325.93012
316.1149
322.91794
312.94584
340.07001
326.17211
385.94699
408.8521
322.91198
317.065
349.20216
321.21682
315.06801
363.72709
316.03599
311.15603
319.79799
318.03393
315.24801
319.78703
310.95791
316.90097
325.18506
316.83493
315.20414
348.08302
312.14809
316.73908
349.18094
531.63004
316.03312
348.25897
320.0891
309.79705
313.54499
311.49602
315.24706
312.80589
310.30393
308.70819
331.27904
313.68613
312.95705
317.05308
328.91202
317.29603
328.2342
339.00189
318.76397
325.46306
342.24486
332.17907
331.02012
358.17504
369.66109
435.81414
386.11817
378.05295
387.115
382.92313
363.96194
361.26184
376.85204
387.78591
360.66198
355.85809
409.06096
364.36009
359.58385
388.0291
414.84094
392.12203
413.97691
389.15992
380.64504
403.66507
385.48398
386.67893
445.08791
689.93902
428.94983
411.84211
433.62188
467.25392
460.26516
535.61091
436.9719
478.8301
449.47791
429.57807
423.44308
498.68798
435.92501
411.24487
421.6671
407.84097
413.764
392.21001
366.59884
357.2042
397.02106
370.86391
387.62903
380.49603
383.59904
369.61293
359.07817
385.49209
369.06695
396.29102
366.93811
433.918
441.64586
433.25615
436.86581
403.05114
483.54197
420.82095
405.96604
388.47899
386.68799
398.13304
378.93081
405.06816
483.94918
400.48981
400.96116
383.08692
448.79198
