889.32204
828.37391
783.89978
751.81699
819.9501
864.49003
866.503
1029.03008
1107.60093
967.70787
1068.92681
1149.58692
1132.60579
1112.73193
1119.74716
1000.05317
1176.543
950.58799
1035.81309
1048.25401
1067.40189
834.77402
799.03913
850.39902
877.27499
804.11601
766.32404
728.85799
705.08003
719.60807
732.29289
718.85991
683.79116
713.10306
780.38096
753.30591
705.95002
763.92698
747.48015
717.58294
751.57595
802.98781
713.62114
750.83208
863.873
881.48904
856.89592
944.69595
873.52085
748.66009
984.09104
784.08289
730.00002
735.50105
784.307
773.27704
662.97603
701.11299
689.04781
711.91502
784.18899
706.60901
725.95406
717.03815
708.39596
721.82178
788.54299
773.65708
706.38585
726.69888
760.2129
758.92305
798.79093
841.01892
776.02291
741.82415
762.84099
808.27713
759.11307
809.40413
966.82596
902.95601
901.474
845.27111
912.256
862.64014
793.64109
748.72708
722.07308
742.68985
781.811
782.06992
704.40888
682.78313
611.13214
659.74188
607.80311
669.348
658.22983
651.04008
773.42606
596.77815
597.03207
553.40099
590.67607
617.27095
535.07805
474.86997
487.80012
531.82888
510.72788
571.81096
523.44918
514.20808
521.64412
575.18697
536.268
555.64904
529.15096
545.55392
529.69718
557.92308
645.42794
564.89682
524.73688
543.76197
481.73904
537.26888
553.72691
514.53304
522.83907
575.83213
537.06002
545.60208
571.85197
609.0579
607.13696
593.80293
594.50698
552.05798
577.5528
583.75692
552.98805
572.27492
568.31002
503.54195
540.5941
517.44318
559.56006
664.49285
759.11093
574.5151
566.70594
618.10708
649.88589
580.0209
636.38997
646.54303
657.83501
638.75389
588.41085
617.4078
644.74106
610.04496
637.46691
628.32403
661.58509
636.98196
640.39683
656.24499
703.85504
661.02409
658.86903
660.37107
738.4851
743.41512
738.8072
670.1529
678.2248
726.43399
702.00586
685.67395
653.96595
694.53788
684.60989
727.44203
718.60695
803.04193
776.06297
764.69088
754.43721
726.46403
733.82998
709.47599
745.17584
825.19388
785.90393
801.03183
834.66792
769.5961
914.433
2415.59601
642.8318
665.46106
650.51508
660.26402
637.22301
631.48904
705.77097
640.50817
612.99515
642.42482
651.34192
616.16397
643.89491
664.08205
647.88198
645.78605
634.87506
586.27796
715.312
679.49796
831.91609
818.55607
668.13612
666.83912
729.80285
764.84203
759.7909
652.9851
761.46889
690.37795
764.51421
683.24995
683.09903
751.45698
649.23692
726.48787
609.11608
645.52498
646.28911
662.34016
652.75288
654.9778
596.93694
724.0572
687.52599
632.35188
599.27082
716.07995
819.94605
645.96486
599.42293
698.72403
670.63904
681.33211
725.10219
673.36512
653.4791
651.16191
703.161
710.1841
655.34401
619.88997
639.92786
625.32496
591.05492
687.63995
735.17704
794.02804
663.11598
739.59112
863.868
930.46784
840.22093
869.37904
928.88999
856.63509
828.4471
967.3171
994.96412
927.05083
913.96499
958.61816
889.7419
869.14897
942.20996
845.26396
802.15597
809.92103
855.85189
909.74998
905.12991
747.93816
773.8049
766.05892
821.66696
818.27402
740.08393
747.73216
986.17482
716.30216
706.37798
758.66199
702.99411
668.20598
567.48009
618.62588
658.24509
625.28086
650.26116
707.8228
573.58003
593.51707
635.00786
631.53005
663.70296
604.97189
505.00512
569.23294
624.91798
557.49607
563.33399
525.53296
633.93497
600.78311
565.15503
531.46696
603.62792
590.85584
515.53607
547.30892
544.65795
494.14897
562.53505
525.93398
559.56793
555.41492
508.85892
498.18611
502.12598
530.29394
469.87391
544.56902
511.11889
462.28504
465.38305
460.78897
516.65998
577.04782
690.75608
563.03787
540.57598
660.24494
695.74213
658.46205
696.90418
604.87008
640.53297
677.71196
686.76496
673.33508
592.69881
608.42299
616.36806
614.65192
601.41397
636.62505
600.74496
689.81099
641.35408
641.61682
637.93802
581.96807
585.55412
645.86592
720.69907
743.12997
694.36193
702.10695
740.99994
757.26104
714.08105
701.06792
767.349
643.13483
637.61616
686.14101
691.962
696.97881
779.57797
700.93799
705.30319
765.35201
727.37908
669.83795
776.57485
715.85011
691.47086
743.78204
941.93697
1038.14697
968.21809
1166.84508
1002.17009
1028.41496
994.26889
922.24979
851.25399
766.43205
893.65911
899.70708
893.63384
889.328
931.48398
832.37505
978.95098
840.26289
720.119
1048.75302
832.26585
819.93699
752.18105
803.86305
825.19889
860.25
958.82893
958.01687
845.31093
864.33315
918.79892
855.00288
1116.97793
867.38491
836.519
715.62505
720.19601
836.53188
681.11396
703.88007
636.45506
672.822
638.01694
628.20983
648.13614
638.85093
714.58888
711.64608
636.23285
695.70804
985.11004
799.26682
1018.8241
751.42908
783.04601
798.44117
821.65217
775.08116
780.76601
726.2249
691.1211
787.80913
778.32389
1009.26495
1011.45101
833.27103
785.82716
718.4689
834.1229
748.82317
884.68695
847.55492
925.25196
777.9119
963.49287
903.98717
914.43586
1013.71408
852.14686
1002.91109
1032.41587
950.69695
859.79819
1037.16111
989.68387
835.76894
963.68599
856.2429
893.53204
786.16405
871.12713
832.55506
894.21201
803.77507
741.82892
782.97687
838.12618
816.30301
755.22494
838.88721
993.66188
715.21997
640.62691
702.34299
663.00511
771.83485
731.08482
776.67308
817.64388
789.82496
850.80504
816.26201
746.665
822.79086
826.43604
870.26095
982.20301
1016.43395
858.33097
834.28812
1066.05601
916.20803
908.69808
951.22409
983.17003
976.73893
1111.82094
1231.7121
917.9461
1039.84189
902.30584
830.34587
1007.30109
977.06604
966.35008
919.27004
923.47503
905.75409
952.564
831.52604
694.839
685.61602
744.23313
716.94088
703.96304
740.86285
896.62313
706.79092
868.65807
977.30112
1028.82099
871.8679
764.93692
781.67486
989.08901
855.685
917.11497
1045.80402
1021.42692
886.44505
901.56293
1075.46496
843.52207
924.39294
826.80202
978.95193
1009.65095
979.11096
941.19406
925.25792
833.46891
836.17306
832.30495
827.22712
799.3381
838.11593
1008.86202
926.94592
978.05405
937.72888
690.57512
647.92109
736.22012
660.93278
694.91506
754.80604
725.46887
750.20003
908.66995
714.66398
764.539
707.57008
726.10903
1017.7989
930.97806
875.103
789.71505
800.64893
941.87593
828.47285
816.44201
860.6391
854.15006
1021.64221
872.84803
877.26808
953.9659
810.17184
840.38305
867.72799
780.81393
798.44499
742.66195
869.61293
972.87202
795.40706
775.07401
854.141
838.50002
866.66584
845.57796
916.852
964.31994
960.33216
926.98407
844.70201
845.8879
992.03396
1117.24496
792.01698
839.79106
848.68407
793.52093
832.11112
822.15095
844.26904
758.58307
798.66409
844.04683
854.22993
833.14586
787.91809
862.88595
829.65398
871.61207
922.49799
883.00395
1074.754
909.46102
872.89214
1051.162
911.61013
858.31594
754.60505
711.24291
730.18909
674.86191
628.25799
650.10285
680.36699
659.29008
840.0321
822.51406
749.56799
805.88484
896.12699
881.86097
822.32285
730.58009
788.37609
744.61913
742.939
774.50705
895.79701
864.21514
861.64808
795.93801
913.37204
992.92207
936.97309
818.90798
789.52003
739.33911
788.64908
799.80397
732.06186
803.19405
829.39696
796.78082
1013.80897
741.20903
1008.16512
817.63196
784.20401
771.93308
754.4589
784.554
822.65902
786.17001
893.5411
1086.20811
958.58788
1068.51006
1052.54602
977.53501
992.18297
975.95096
974.91312
1009.94706
807.28292
793.94507
859.4842
860.88586
884.99808
1044.40808
981.9479
978.79887
982.4369
1045.30287
1081.99215
996.67406
1078.64404
1028.07593
976.15194
1032.6848
951.07698
1028.58996
921.22006
940.3491
897.686
843.3919
816.87903
828.91488
828.15814
711.31396
731.493
714.9291
794.15083
749.08209
844.51795
786.36193
724.70307
781.3971
825.27709
865.88097
853.78218
889.081
896.01398
949.82505
998.19493
1076.88808
1004.81415
911.34
808.81214
799.6192
952.59595
922.69802
844.55013
877.47002
1026.08585
932.68085
708.36496
702.19707
704.72407
833.58002
909.50704
771.73114
846.90595
931.10895
834.75995
897.88008
882.03621
794.1041
863.18493
876.48201
1066.49685
957.92389
956.83694
1048.43521
1051.50795
1028.1601
1063.52592
1019.04488
1252.91896
1031.41189
1125.11802
1022.28403
1077.13604
1063.26723
1040.25507
985.33916
1119.73
1038.47718
1044.36517
1061.82909
1035.24399
997.95008
1100.26097
887.47001
1042.46402
798.12098
675.71306
818.01081
801.91612
849.29204
828.41611
791.15987
862.38694
898.99516
850.137
836.01594
914.86096
802.02198
1011.05213
934.865
772.95184
848.27709
852.86498
963.68885
814.41903
810.75382
829.19812
788.661
808.30503
845.51787
757.54905
840.77787
792.56797
784.05094
750.29302
993.70217
797.52588
847.42808
953.197
836.65991
914.13307
872.97201
925.46582
818.04299
838.36198
853.16205
834.89203
798.58303
822.90196
802.42705
795.17388
838.99212
911.11016
891.39509
894.449
1093.014
927.11997
896.84296
816.154
1120.50104
1108.94394
947.7911
840.52396
949.36419
829.53882
799.63183
960.09517
883.86798
1009.67193
1073.35711
937.62684
912.98413
898.18001
1039.25586
1069.49115
867.14292
954.18811
1003.40486
961.57098
1135.59508
1001.21593
865.15594
1036.90004
858.88886
825.6371
967.82613
927.4888
895.83015
1006.98185
737.92195
862.03909
863.48104
788.81407
739.68005
788.93805
665.24506
863.38997
757.195
880.27191
769.30189
772.06516
827.99006
735.22496
758.47292
839.32495
1016.60705
977.57792
975.68703
999.06993
846.16303
799.78299
759.17888
814.52489
683.09093
677.48404
755.46908
1009.92417
762.33602
910.33292
727.88
728.92499
755.56183
711.21311
728.96481
781.05807
793.30993
796.19002
827.28601
848.01507
807.01208
783.84113
824.28503
851.33481
884.56011
827.65698
1024.68085
1056.55098
983.13403
996.68312
998.15583
927.39797
862.01406
845.04199
1053.4761
1105.84784
789.96301
853.25813
861.8772
822.79396
773.42796
689.60905
680.86314
747.58911
732.17106
847.15509
941.72692
786.14688
715.1401
701.56693
784.68704
750.60081
703.59707
704.31995
768.9538
699.96715
713.73701
709.33294
699.72706
854.02918
683.34007
684.37696
635.13303
635.14686
709.60593
615.75317
642.7052
666.92901
660.61401
683.95901
646.47293
653.12099
601.69482
681.00905
714.84709
720.4442
671.00406
669.73615
607.03301
644.01793
700.37913
714.45012
759.23586
712.7831
742.342
788.7938
758.36396
777.74405
879.19497
681.45895
758.55017
745.80503
790.61103
976.9249
762.68506
819.67688
980.92103
931.73099
913.80382
1323.85111
1099.21503
975.95787
1010.84399
1009.87101
947.83497
928.05886
971.57001
968.71901
951.45583
1001.66893
901.757
904.81901
976.1169
840.75093
900.75088
1080.23691
939.59594
964.32495
922.34516
912.49609
946.55514
1018.03303
1139.25695
1077.09312
1038.73205
1084.3699
987.80799
1023.65804
1033.26797
917.59396
936.61785
958.1759
943.60399
1035.01201
955.00898
1008.2469
973.19889
981.98891
1067.52706
1045.03512
986.80687
1132.4029
1139.55188
1083.29296
965.554
960.0389
1418.8869
1211.74502
1240.19408
1272.79997
1261.73687
1132.26008
1197.41702
1212.83507
1273.28992
1181.82898
1153.02992
1101.66216
1034.56688
910.35104
1032.58514
1003.60298
1044.415
994.21787
1108.09994
1033.5691
1101.71413
1031.07882
1001.31989
1043.23792
1071.65504
1147.089
1118.37792
1086.13491
1097.87512
926.47099
880.9588
880.66602
893.48698
923.58804
813.31706
783.90193
785.06899
777.57597
800.27604
802.03509
767.58885
865.23795
743.26921
815.60278
814.63099
831.17104
848.01102
989.44306
976.85194
933.038
1207.48401
1014.05191
1112.22506
1139.22
1088.43708
1249.13907
1036.89909
935.86612
1057.03402
956.23899
934.26895
931.72383
995.18013
978.70302
987.73599
906.5659
909.863
999.77183
1020.95819
1079.62894
926.53584
945.66011
1026.43085
1081.75802
993.90697
1003.07107
999.56799
1005.90515
1017.04788
1039.17098
1141.25609
1108.67786
1094.37299
1097.67389
1067.86299
974.11108
1002.65694
928.18999
1007.20406
941.60295
915.04598
1031.34489
946.00916
936.71203
919.04497
961.18188
872.21909
867.82789
961.97891
930.08804
1265.05589
1166.69703
1066.52117
932.06692
912.86397
977.65303
1048.70391
987.83207
1006.11091
932.02996
955.96695
1001.0488
862.54811
977.99993
828.49097
1011.2462
1006.00386
919.23308
965.02304
968.96601
1019.10186
1125.88596
1271.54517
1235.94093
1094.86604
1110.09502
1041.16702
1057.67512
1165.70687
1128.36909
1017.89403
1036.05986
1071.81096
1094.38205
1113.18398
1184.8321
1148.08702
1078.93991
1103.96004
1188.07888
1034.16085
1067.51704
1236.43398
1148.95701
1101.89795
1017.65704
982.18107
1082.78799
1042.41586
1013.25607
651.13997
657.73296
686.07998
697.81613
606.23693
697.16191
654.46091
689.34202
720.27683
766.36314
787.30416
680.15409
656.26097
640.04588
619.61508
612.02097
633.40902
708.38094
705.31702
686.11312
709.21612
639.63103
710.88815
680.3081
861.35483
629.28796
655.6282
614.48097
661.62801
632.49993
606.5309
693.01105
739.72988
641.94393
634.92107
671.34213
654.78301
593.02592
665.34209
544.33298
645.74814
547.04809
524.189
511.06596
614.54606
663.01203
577.64792
564.08
918.72096
625.56791
819.71383
656.01707
631.20985
592.44084
617.27285
658.34093
666.65912
646.86799
698.33112
724.21622
676.64099
692.15298
728.86014
689.67009
742.18202
746.25707
687.26802
698.14491
693.66121
696.62786
746.21797
757.20716
709.31315
735.83293
769.95015
782.77898
850.16394
829.16212
765.69319
794.02709
655.3371
714.37311
784.4131
776.32594
816.01787
806.89883
799.28493
809.07512
757.56812
4090.55686
1125.37289
571.24782
579.19097
532.0611
605.87001
500.27299
589.13589
677.25706
645.62488
676.21803
832.39603
569.69094
577.425
577.79193
701.823
507.45702
578.78709
580.40595
553.10607
554.27694
566.83779
524.37901
514.00399
522.39513
513.36098
491.09888
568.82405
594.25712
536.18693
497.38193
493.433
397.46618
418.40792
594.69008
400.37298
403.87702
401.04008
415.73191
399.055
401.0272
398.09108
403.03802
412.37092
406.68416
417.71412
404.89006
399.54185
415.37404
406.286
406.27193
388.61799
393.30316
405.7281
395.45894
394.44208
402.89998
390.95592
418.95103
535.23302
540.03
564.21995
402.72999
391.30712
2174.02387
853.25384
483.27994
408.34689
410.18701
439.1098
457.89385
468.97101
482.78809
500.78607
444.75102
420.08305
479.86388
477.37789
509.70197
518.20588
551.69511
610.35514
612.06198
625.16618
631.93393
648.78201
643.75401
636.15704
686.11693
664.33001
833.17995
694.45801
704.26106
690.82904
643.13602
615.87691
645.11418
686.11693
683.87508
669.8699
688.62486
618.88599
649.08099
640.14983
643.8899
705.85799
617.63215
676.62907
674.47495
711.483
687.91008
390.74302
399.10388
388.27801
418.13612
391.90006
411.36503
389.5309
388.70907
410.57491
388.34906
409.1959
412.1058
415.84277
392.59481
394.50097
397.40896
393.13602
396.16108
405.12204
388.5181
383.18396
391.03889
420.06803
390.93399
387.77089
393.52918
388.78894
395.27202
404.74916
392.03405
386.13605
390.62715
384.80687
387.49695
395.53905
400.80404
393.62788
387.12978
389.1089
384.12118
384.31692
391.94083
388.88001
396.39997
388.95297
394.37318
387.3899
402.25101
387.76684
530.3309
552.8059
383.63814
386.68203
391.22415
399.29199
408.76198
392.694
391.02721
394.22202
395.77603
382.53808
383.34298
386.03091
387.01677
386.18803
384.69005
387.39896
386.02901
385.21409
385.05292
433.61783
383.45218
383.32391
385.41698
396.20709
392.60411
384.53507
386.87205
387.69794
390.63287
387.30502
385.36191
389.781
385.28013
387.16102
391.07013
393.98193
389.98795
399.92785
393.78381
394.50502
385.25105
383.94403
388.10706
384.63497
387.54201
387.7151
395.20407
385.67901
517.61198
576.34902
405.55692
426.21899
395.25795
396.28386
395.99895
389.91117
404.29115
388.25512
389.64796
392.74406
385.21314
388.49211
394.49811
418.55383
396.85798
382.69305
388.63301
393.02301
386.88493
395.77389
398.04006
398.13304
388.27896
399.87016
396.01898
386.9319
401.10898
390.27619
384.66287
406.28695
393.86511
387.45499
406.72493
412.26006
429.99196
387.04491
389.77504
384.4769
389.292
392.91906
389.51898
383.76117
391.41107
419.49701
391.17002
390.02609
385.391
391.644
525.30503
563.46798
385.87809
388.51094
394.61684
393.2929
394.50407
388.96012
391.86287
402.64297
385.80704
386.43408
402.98295
388.51118
387.362
392.68589
398.50307
392.78102
408.75006
408.39791
387.28309
399.12295
400.01202
391.927
414.77299
385.24818
415.28392
406.52704
390.85197
405.00093
385.43701
391.5441
387.49504
383.17418
396.60287
393.29505
396.65794
394.52195
399.86205
395.66803
404.51002
420.89009
398.15712
391.02697
388.37218
394.53292
390.63001
400.15793
384.64594
382.3812
519.03391
814.49318
753.40796
818.03298
928.24507
826.80702
797.5111
784.89113
836.92098
781.03495
762.15696
860.79597
790.32183
682.59597
724.87092
688.69495
778.26095
685.01806
704.73099
659.84416
632.99894
638.29994
671.75698
663.46216
695.46199
645.02501
769.66691
664.11018
638.76605
710.09207
686.51199
598.75894
669.98005
679.97479
629.64392
670.23301
649.91808
677.0761
759.202
812.93297
706.80094
757.59912
775.77209
825.70481
791.89086
770.85495
737.74695
712.02993
833.45985
849.06507
707.53193
922.04785
650.702
637.89392
663.75399
676.60999
719.96903
750.22697
752.40111
817.90686
817.03115
870.77594
792.40084
815.89007
766.31999
765.71488
862.12897
757.40409
794.29507
794.43502
820.55092
844.62595
751.44219
867.61189
803.42698
828.7971
905.21908
793.02502
747.83111
845.41106
873.97099
902.31895
856.71711
786.18884
876.42503
777.50921
755.55706
730.42798
794.90113
761.08599
817.415
779.05321
769.68408
703.3391
729.45309
800.67301
828.88198
805.197
820.24097
802.95992
738.99508
1050.75502
1245.9209
969.62619
994.08793
955.00088
924.67308
829.19192
844.51604
819.25488
817.42501
858.02007
765.43784
823.61197
805.96519
902.37999
756.94418
805.51291
799.63303
769.59682
825.89912
771.0712
726.95994
741.96887
723.61898
713.55677
719.71703
748.61503
681.91218
698.48084
657.3751
731.48179
723.33002
727.83995
699.10216
643.37182
742.83004
723.83904
775.177
678.88093
747.7231
750.55218
829.7689
728.07193
718.10389
740.07702
724.47205
632.23195
750.56911
811.445
700.27208
923.41208
776.8259
790.68899
818.63713
751.83296
842.38696
793.79201
852.98586
830.96218
710.91819
684.89194
699.57781
644.01984
723.46616
653.85699
668.63799
579.54693
631.14595
636.61814
635.86807
622.41793
695.23311
684.29089
649.71209
650.93207
582.20005
625.02098
680.12094
640.73014
656.29101
588.29212
641.51502
674.227
704.22101
614.27999
610.36181
669.74998
637.04491
617.75589
697.97492
608.253
673.44904
649.42694
656.76093
582.43895
693.39705
674.09992
676.18799
739.74991
760.84304
1019.01793
1030.90501
915.71403
1012.08019
999.32885
1023.97895
1134.26208
1097.48912
1124.13383
1135.07295
1059.63707
1018.01991
1027.43196
959.12099
940.92393
1094.36297
1013.45706
1099.65396
1171.20814
1158.42819
996.82808
1116.49203
1056.47492
997.39385
924.72196
977.96106
1029.06704
946.45905
901.42798
974.30801
886.75022
823.78221
782.3379
649.14489
788.61403
614.91895
682.88112
698.70591
615.40103
678.73693
741.54496
679.67892
665.07697
655.82681
648.44704
729.05397
707.4759
668.38288
754.67515
743.08991
983.88696
699.543
690.74202
749.67194
711.96294
630.41091
678.22695
640.03396
601.50099
650.77901
670.3589
602.76794
585.41298
589.52498
642.78698
726.87292
658.04315
682.796
644.51504
712.27717
712.31198
681.01501
706.27093
661.02409
657.01079
744.05313
721.08793
760.83803
745.96405
795.23897
784.47294
907.95898
917.01102
886.3492
777.43816
780.03097
813.17186
766.34192
772.28904
928.23386
846.64798
837.02707
941.10394
903.69391
810.31108
849.50495
841.043
836.36808
859.622
785.80117
1019.56511
849.14207
912.77504
744.92002
665.96508
713.88793
832.91793
695.59598
716.83598
704.69785
711.22313
695.74022
752.06399
666.27407
696.50888
684.02815
746.00482
718.36114
809.41391
852.82993
744.72094
789.80112
785.93087
820.04189
770.08319
815.76514
768.4319
739.58015
797.03617
828.14217
794.29293
827.44694
803.08199
762.08687
756.77013
811.80286
688.31992
771.07215
757.80988
796.19598
783.15997
774.43886
742.769
738.17992
789.66308
831.80404
852.07796
739.09688
830.16205
796.18907
1000.37503
914.38198
908.8521
873.05999
899.92094
832.92699
897.64786
813.26008
857.88202
823.41719
831.78806
835.86097
782.06801
788.92994
888.43489
821.9521
891.7048
804.71802
850.89707
818.71581
803.88594
794.53897
851.13406
819.01288
794.94596
835.54912
744.31586
794.27409
777.47607
721.07911
731.08292
833.57096
982.03206
926.73111
1016.78014
782.26304
919.2431
753.99899
809.01885
811.2812
832.1321
836.78293
864.63714
945.70494
853.40285
853.90711
832.04007
974.43604
811.37609
754.38499
698.77291
757.7641
645.02907
742.32507
735.54516
693.50386
808.23898
714.46991
616.17613
628.24798
639.79506
603.90997
602.46205
600.96407
658.34594
571.04802
565.15408
642.86995
622.93196
649.91307
664.1891
630.96189
647.39895
799.36886
649.14083
719.841
712.68511
658.20098
716.28499
753.05891
686.50508
743.08085
832.32617
712.0378
722.01085
694.29922
657.40013
702.17609
661.412
658.849
686.13696
673.52891
684.42106
863.87086
649.92404
645.63489
600.37899
605.80587
624.10307
652.2429
850.03901
674.68095
725.99697
632.08914
685.24504
625.10204
648.62299
649.87803
757.55
758.8439
623.51489
697.83211
738.74116
854.1038
657.36318
735.08716
779.81687
820.05906
748.35396
825.62399
789.04295
731.43792
783.96106
805.67098
815.96684
827.43907
861.43994
772.28189
882.50995
892.74597
786.79609
762.83598
830.63793
780.32184
704.14615
754.34494
730.63898
643.98599
717.71479
705.17898
787.1139
673.48409
746.93298
719.75803
750.93794
744.81797
688.99107
672.96314
684.48806
653.04399
869.93504
680.44281
724.80392
632.27606
738.5509
708.86707
652.62604
671.04197
744.941
698.34185
678.30896
745.82314
751.32298
769.16599
693.6512
773.70286
705.17302
673.19107
668.33782
771.9202
701.83897
683.46
697.10493
710.7408
747.94817
725.86799
703.8312
728.83701
1142.96699
776.14784
815.42802
783.57697
872.40195
893.01205
891.96491
830.67608
874.23086
891.01601
813.15112
840.74402
855.90315
819.00096
735.23307
789.65807
763.95512
810.00495
737.64896
804.26288
800.05193
784.01709
949.23687
871.46902
812.95586
818.42113
839.39409
834.25593
834.63597
846.91405
916.74089
931.83398
864.9931
901.3629
894.75298
1148.47493
1147.24994
1430.71795
982.27215
881.881
951.98107
877.20299
807.81388
719.31005
725.95596
767.08698
699.73588
685.46391
722.56899
631.64616
700.50001
853.19495
846.68112
763.52096
715.62886
778.66197
698.15993
634.18412
713.92989
772.07613
692.89279
724.30015
698.66991
665.08889
755.00989
854.30598
852.86307
874.403
953.09114
1017.82894
857.45502
838.33003
782.23801
705.06001
790.04407
786.65996
791.04805
862.28085
849.85805
853.69396
849.28989
772.99309
763.41486
824.49102
822.84999
798.44189
709.57899
763.22508
794.01517
767.34209
688.40098
721.40789
775.56705
820.27292
780.53212
800.69304
903.48411
919.09814
832.27515
860.00395
921.29707
956.37798
992.23614
953.21798
1066.88213
925.7369
1084.40304
1094.23804
1132.45106
1175.98796
1084.83815
1084.02991
1011.31701
981.77814
978.73187
962.81886
997.16902
1021.18897
1070.27316
1114.61902
1094.87796
1090.23213
1165.45892
1006.212
993.41202
1021.79718
913.38015
1074.63813
995.82005
917.34982
1077.49605
1000.844
1003.23892
1031.92306
987.98704
1073.01497
1309.12495
1178.03383
1163.87105
1186.234
1136.60002
1098.68193
1097.48197
1056.22315
1078.31001
1173.033
993.55006
1205.05285
1225.11411
1200.11282
1152.15182
1032.70102
1152.85611
1070.74881
1231.03714
1171.80395
1160.38108
1086.96818
1111.23991
1132.01404
1469.6939
1093.3578
1019.16409
870.85009
933.27403
1020.2539
1107.57113
960.90889
1130.21207
1029.17194
1039.32405
1275.33984
1620.14198
2923.85602
3470.66307
3513.14998
3097.26095
1953.74393
962.816
960.08182
1093.63413
1055.17292
1014.15205
1050.53687
1099.02692
1184.76605
1192.96503
1107.43594
1069.28992
1032.60899
1251.20687
1103.34802
1041.98503
912.26506
975.21091
898.36192
875.46706
815.9039
896.88993
671.7329
730.96108
629.22382
605.08394
709.88202
705.55902
685.69708
692.63887
697.46614
748.59118
852.15402
754.69303
869.88807
781.991
857.05805
842.51595
786.66902
870.38589
816.53595
967.08393
920.33601
808.08306
944.42201
1066.81514
857.4872
868.27898
896.631
898.33617
844.414
734.91406
733.8419
800.97008
748.05188
907.71914
817.92521
900.47693
809.05199
839.51688
759.80806
802.3262
819.01479
773.664
860.39305
788.95712
957.94702
957.10206
852.82707
879.39787
772.83716
758.54492
817.02495
839.78295
811.15007
771.92593
818.1529
848.93394
761.92093
726.20106
715.18302
801.8589
762.923
669.74902
768.17203
718.03713
726.42994
718.2169
757.57003
787.0419
798.78902
1002.06399
924.37291
964.69998
881.66904
581.39896
590.28387
625.76008
934.98492
634.37605
664.75797
633.25691
687.73794
655.36499
754.57811
751.45698
786.64398
672.38498
795.0561
734.19189
677.61111
713.73296
654.01697
723.18602
781.07595
686.72514
657.36198
699.23902
662.35781
664.47401
729.51603
671.90695
679.66795
610.74996
657.92012
675.81987
692.81197
646.10386
722.1818
712.14199
656.58808
638.39889
664.59298
687.61706
668.24198
686.56397
664.63614
659.44505
1018.36419
718.59479
683.12716
689.71801
665.74407
657.75013
721.8461
837.65197
601.87411
623.17801
685.20904
718.13107
737.92005
920.86887
822.1941
904.23012
957.1979
971.0269
994.72499
932.08599
863.88206
914.86311
1002.56181
1345.72911
957.92007
976.22395
773.57292
801.17393
761.56402
650.34103
666.53395
756.181
784.91902
786.43179
793.07103
839.02192
775.02203
826.3061
802.39987
822.3269
761.68704
735.78811
782.71484
814.50009
759.87005
752.65217
835.68597
822.99304
774.055
802.70004
747.1602
708.40502
805.49908
830.41811
818.27998
800.96698
787.08005
1000.72503
862.06794
889.5669
828.71509
765.29884
785.30097
1118.95299
875.90694
993.79897
854.002
902.77505
957.793
891.97206
853.08909
867.08403
1013.659
1103.89805
932.58786
913.99598
883.44407
964.88309
919.59786
1029.27613
1158.21791
1105.5069
1060.38713
1054.77285
1081.35104
997.24698
1156.34298
1090.86609
1092.40985
946.29502
879.36711
791.327
813.25889
735.73494
721.69518
650.23184
700.99115
719.22302
746.29807
774.70207
738.07001
746.07491
746.3541
685.22191
693.03584
729.17819
733.47902
937.07204
817.15584
864.24899
844.00892
876.58811
917.26995
886.84988
843.17017
864.24422
809.55696
714.95819
698.76003
680.97496
787.06098
796.27204
690.87195
698.83204
714.34093
679.74806
637.2509
674.00813
685.74095
636.99698
660.357
626.70016
623.384
637.38608
629.00496
610.13603
629.843
626.06502
611.05013
631.1419
704.47898
692.63721
593.38903
635.59508
595.02506
648.67997
576.65992
597.13697
641.1469
619.85517
620.19587
660.24113
656.99792
547.683
598.24681
584.11813
639.65297
771.95311
700.19913
681.76508
698.46201
694.60511
698.98415
759.59802
843.85896
757.00402
880.68509
795.81714
802.37007
876.66106
747.06602
809.15189
755.33295
847.49985
827.79098
818.41898
827.36802
726.1939
753.31402
736.97901
694.23103
780.53689
813.58194
727.93603
653.08189
723.38319
877.74491
839.62512
780.07507
709.96499
759.80496
849.75314
794.68489
763.42702
830.04498
849.25413
826.64299
745.08095
795.17484
880.75686
901.34788
842.75913
892.88116
802.1729
812.77108
801.80907
755.67293
914.25395
923.34008
791.3909
800.9398
824.4679
764.26601
751.31202
837.52012
835.12402
846.92001
814.19206
822.60013
997.28894
943.42208
872.36881
868.65592
899.42193
926.33986
952.32916
862.86497
915.36784
948.85516
937.96992
947.44706
910.11095
1021.93594
998.81601
974.44582
801.42021
792.13905
791.55493
776.46017
694.97895
723.10615
680.53508
754.72307
718.45198
683.52699
652.96888
637.38489
680.73201
649.76001
687.6111
647.01796
556.93603
650.37179
601.13001
629.76909
548.45691
614.33983
945.52398
650.02799
598.47808
665.2689
668.39194
606.78005
634.49788
590.40284
573.45414
593.91189
645.36905
579.18811
596.50397
602.80895
911.37099
559.1259
626.78599
560.31013
547.86897
565.12594
609.864
575.35386
516.66713
579.5691
570.18304
598.98806
526.38197
553.78604
566.43295
551.67699
573.79794
594.65504
599.14303
604.19488
579.12302
586.18808
608.2902
657.50098
552.77181
630.4481
682.7178
670.87197
651.99113
623.02089
613.40094
731.85301
632.10082
639.40406
702.44193
616.74094
818.71295
641.61086
679.58999
689.54182
656.48198
720.70813
671.82112
649.50991
680.63998
641.72006
665.23385
656.77595
647.27592
637.12287
707.09705
696.09213
610.61811
581.05803
659.24907
736.06801
683.6319
699.24402
635.97798
682.4429
757.47514
663.42092
680.60923
631.08993
651.25704
606.30608
701.68209
668.02096
649.65892
779.90198
721.37403
770.40601
671.75388
667.98401
668.9899
656.36706
609.52711
577.425
626.11008
615.01694
633.16584
650.02418
677.70195
766.06417
674.0191
715.25788
