668.73312
539.16311
591.41302
564.30411
575.14191
537.46581
569.03315
552.07396
612.62798
630.15008
567.384
579.23412
522.56393
505.81908
530.24387
528.04804
526.05414
548.56181
530.08103
555.80497
525.0721
564.91113
488.24096
537.32896
497.49303
481.93002
464.49113
504.69613
443.75587
515.57207
530.75385
530.28822
502.72703
536.52501
503.49402
548.68507
529.19507
583.37593
567.81411
563.96317
628.99899
611.78303
607.39207
626.77693
582.06391
522.81809
539.49308
541.74995
524.8549
500.08917
567.78693
506.96301
501.08194
538.94401
565.03892
568.31408
559.40986
618.53194
589.01501
632.38406
534.554
548.08903
396.92903
483.51979
560.13012
573.29702
530.26009
569.54885
629.33183
690.98401
582.16214
534.17301
563.68494
539.04796
628.05605
591.51697
637.90798
784.90305
630.54419
663.20109
636.4069
587.82697
632.14302
676.03898
734.27892
788.91993
815.78302
830.91712
868.60895
811.30385
766.2971
680.97305
665.48777
640.89012
661.15785
729.69413
663.49792
634.14288
651.7241
611.65214
780.195
1058.38203
1154.23417
1266.65592
1153.72586
984.61819
901.34096
986.32002
986.69004
1068.40301
1144.59586
1077.50392
1170.34721
1068.2528
871.89817
707.69382
611.79209
598.74892
471.85183
509.25303
459.49101
459.85293
538.95402
584.51605
505.33986
568.40801
573.43102
558.31885
636.75308
501.70088
492.71512
516.57891
498.60692
451.62201
475.70395
466.23111
438.3862
468.67013
426.33319
526.56007
458.76002
485.10385
535.55489
593.06002
546.01789
511.26099
562.41393
553.81203
828.29905
577.0371
587.66699
569.63897
586.84802
661.18884
590.09099
602.15807
584.56993
536.87
538.44905
510.98895
614.62688
618.25895
655.8919
630.42402
607.35488
600.05403
626.41001
694.72384
601.62401
633.64816
563.627
664.45899
609.51209
600.29602
459.35988
579.88906
547.59407
591.51316
633.65889
578.16291
649.87302
619.87901
687.11782
567.204
534.43694
461.99799
559.63206
561.07187
442.487
527.97508
489.81595
471.85683
476.08805
484.15089
512.92801
520.48397
667.25302
557.67083
510.08391
575.35505
546.206
570.54901
536.82208
548.27189
520.32804
559.56697
569.58508
597.61286
594.71512
574.16296
559.41892
472.97001
513.83519
412.51922
416.05186
585.59608
723.46091
582.17692
638.81087
602.22507
602.03791
693.75801
587.42881
657.6972
733.25205
719.46502
612.52284
618.26706
636.65891
782.52506
721.72213
770.69283
798.64979
873.12102
896.78192
845.00504
782.552
724.56098
711.72786
691.25819
661.09896
644.03391
623.245
717.33093
567.71708
725.68893
629.4589
642.94791
709.69701
572.12996
745.65101
678.55811
679.38781
630.52797
626.37305
626.29294
631.78587
629.24194
625.53
583.40907
565.07301
732.18584
630.24116
675.349
661.08418
632.20191
649.80102
702.57998
579.16021
746.1412
645.47896
595.49999
750.98014
562.15596
566.79702
576.19405
723.19603
729.8491
583.534
682.45411
652.68993
675.48084
825.99807
674.613
676.00799
709.12504
661.98301
747.43891
613.01589
642.55905
658.49805
654.75583
562.02316
761.39903
656.30484
626.50514
673.47693
625.01287
666.90111
719.52391
701.78604
694.74411
759.305
663.00416
621.59801
628.16906
620.01395
593.56499
739.57586
641.89005
585.76608
593.91999
600.13008
691.79082
679.87013
587.29196
619.38596
664.00695
622.75696
659.8649
675.23003
529.7029
495.9681
494.96794
529.96993
533.04315
540.1969
506.28805
473.50192
509.99308
460.06703
543.10322
545.28618
551.46384
549.299
518.713
503.81112
517.3161
524.58191
590.31606
620.27979
522.31407
582.81708
535.22182
623.11006
545.53699
698.75693
585.16192
581.93803
655.59602
622.68305
698.95792
602.38981
609.272
719.73705
604.91204
621.37294
688.63893
912.256
939.57615
931.95677
927.33312
874.77303
891.08896
808.17604
824.72682
723.25802
637.31408
605.14498
546.16284
563.66706
636.52802
502.32005
510.97798
479.19583
512.23707
483.24013
454.97298
625.51904
583.93002
542.03916
471.10701
473.84214
437.3939
439.36801
433.10499
498.72398
382.9329
423.64597
417.871
425.18497
399.07503
417.28497
500.31996
429.74615
431.91814
582.18098
477.55885
604.17199
507.50995
522.33815
496.92988
485.43501
570.44387
494.96102
595.81709
498.46292
533.20789
460.20412
523.82994
504.68707
529.98996
574.50891
558.83098
565.65404
619.67301
632.40695
596.38906
555.28021
578.68218
559.82018
662.71496
733.39415
637.13288
602.23198
649.17111
656.11982
572.19005
657.37605
524.81103
625.74196
604.57802
573.78316
555.67122
534.44195
542.93895
468.85085
473.99902
541.14199
497.26319
555.46713
500.17285
496.85502
475.73209
509.07803
431.26106
483.922
480.74603
508.58712
457.99589
529.43611
459.23114
477.59104
485.24594
524.06597
485.72493
512.84909
560.30583
480.48019
575.63901
515.22803
506.79898
465.01088
507.94816
483.87694
490.67783
473.15192
553.52807
481.32992
546.35501
521.05689
516.23893
440.19604
463.27305
425.37403
427.11115
445.32013
440.19699
377.53797
387.63785
390.61809
387.95781
363.78908
384.86791
367.34009
441.58101
361.66883
340.065
426.3761
384.90796
384.02319
349.44606
364.02011
354.92706
355.03101
348.30189
363.57808
361.67192
557.69587
365.10611
445.23692
387.43615
375.12517
427.06108
435.83989
392.14897
437.9921
413.04898
436.76686
474.07699
413.01298
475.08502
426.5449
516.58607
485.17489
465.00421
453.09186
501.24097
488.58309
546.08297
431.21696
513.59296
476.14384
540.30609
594.1999
553.80201
541.9209
534.92808
480.22699
549.04294
508.20994
563.55906
517.3378
494.45605
421.7279
446.24186
489.74395
455.10292
456.14815
411.23915
408.76293
362.81991
389.01901
372.02907
367.65814
422.84799
435.54521
453.21703
402.69494
417.82498
641.19601
416.61811
486.49383
411.74507
410.51793
452.73209
424.35384
459.76806
554.82697
503.79705
514.74214
450.98901
526.16119
522.23086
487.97798
488.70897
437.51311
437.79993
396.51418
435.19902
419.86799
438.67517
488.45887
454.07319
341.5699
432.25002
399.79696
461.2
499.10688
496.23108
469.49291
480.33404
502.30503
448.64321
467.00597
408.09798
464.86902
419.13986
422.014
436.52296
474.46799
453.14693
422.18995
442.65389
498.47102
482.73706
453.33815
441.72692
520.59984
512.25209
569.15998
727.06819
653.58996
593.57095
650.11001
693.12501
698.43698
582.0601
603.00422
608.98399
619.96007
750.92697
685.02903
680.0909
613.24692
631.65903
611.16481
619.79198
634.67002
686.17296
640.05494
629.29201
648.34213
922.59598
730.43489
653.48005
617.29193
593.06288
593.50204
819.32497
674.23606
724.79296
762.676
665.169
603.87206
723.46616
622.02215
645.365
614.28308
646.89493
737.06603
616.68086
589.07509
590.0948
687.53004
645.88094
653.84603
538.47384
571.01703
593.13393
755.10216
658.90908
640.08093
612.08606
735.49795
739.10904
637.59017
667.04082
615.28802
589.82301
659.92808
540.21287
740.08393
690.79709
596.89116
698.74597
535.61592
621.03987
547.45603
558.43592
536.52596
623.72088
581.96783
609.42388
541.80813
538.80477
494.96007
525.22302
542.43994
662.48488
499.71294
580.024
592.56387
538.75399
484.91907
499.82905
550.06099
503.47114
557.796
529.27423
509.619
499.58396
545.8591
570.88494
625.40102
543.21098
656.80695
590.08408
585.93297
703.439
803.20597
729.22206
742.42902
575.94204
670.20798
662.81009
841.60089
820.78218
743.93296
914.36291
844.15507
986.88602
844.3439
1156.61311
667.82498
679.97098
725.86513
726.09282
711.35211
805.13692
728.31106
846.54498
926.46217
935.97507
1097.121
926.03397
955.38688
904.61111
1025.3849
967.63206
975.95286
1172.56999
1088.83715
1110.82292
1117.42592
1140.903
1104.46095
1227.40316
1159.47986
1084.44309
1123.0402
1156.60596
1157.62901
1376.73688
1301.02897
1099.97296
1110.97407
1080.35707
1257.46512
1136.06215
1389.01186
1253.10707
1236.39083
1274.64914
1245.74804
1171.386
1251.616
1161.13687
1142.45105
1156.70204
1142.102
1288.20992
1294.90399
1262.84409
1247.90597
1700.15693
1474.88213
1521.36207
1463.5148
1575.91581
1666.94283
1423.00296
1465.61718
1511.91282
2386.85203
1279.51717
1328.6469
1738.11412
1213.22489
1246.19102
1737.06794
1204.93603
1666.42404
1239.64
1650.62809
985.31699
1457.51619
2308.81286
1890.22017
1565.59491
1174.36194
1546.36407
1073.96507
1223.63496
871.37699
750.2079
837.62908
688.98582
845.94202
872.81704
692.91306
717.34285
707.31902
645.48206
727.26607
707.41796
641.76702
629.16112
636.22093
649.78099
738.1022
777.15087
692.59787
643.79501
674.26109
591.66598
595.47186
599.10893
692.52586
676.97811
676.37205
695.34397
766.80493
692.72804
600.25191
650.68388
640.29312
657.32884
646.2729
614.44092
636.20305
700.22011
717.10992
667.85002
631.001
668.08295
705.24693
726.43685
663.45501
701.18523
717.43703
750.67782
622.15519
640.42401
658.05411
769.10901
720.06607
747.8168
771.07882
570.86611
851.84216
656.07691
621.51217
645.03694
656.99792
677.98209
689.11314
635.638
561.75113
657.5129
876.31297
657.04799
595.82496
762.29906
708.96101
820.96004
643.98313
645.10608
614.53295
695.37401
690.98806
637.11905
579.54407
653.28407
673.06399
631.74605
710.12616
638.04007
757.78198
626.53589
800.63796
717.67306
686.60998
665.45606
655.72309
673.12193
624.75204
561.08189
601.79806
689.95905
644.12212
663.64789
745.16892
615.67211
672.83988
631.14691
694.26513
686.61189
839.36596
663.12599
767.32206
588.56893
739.6841
707.47399
646.11602
785.07209
709.57494
805.1672
812.02888
2996.43397
837.71801
858.33502
780.43008
794.81101
889.01091
932.59192
758.89611
819.30685
783.81896
785.36797
735.66008
714.86306
802.01602
746.95897
733.77395
776.57795
749.09711
809.29804
858.88505
782.26709
896.62504
901.13306
954.69904
935.47893
960.47688
939.70108
931.83494
858.64305
949.94092
936.48386
1047.39809
895.28394
861.98688
832.56221
1006.13308
704.50997
935.54902
679.106
659.16491
716.88199
887.20107
591.75706
760.45585
674.11709
730.07798
768.05902
710.11615
580.28603
728.60003
660.954
584.05495
654.28901
652.46892
636.37495
590.08288
651.13306
593.38403
649.13893
666.50295
622.66111
645.72287
715.12198
682.31797
614.04586
649.59407
737.602
765.57899
598.65594
622.01309
640.03801
674.73602
697.20316
686.28407
692.08097
695.45412
762.84695
753.06582
693.0871
775.33484
636.98816
745.33486
730.00097
829.90408
796.16189
641.64996
722.92805
723.07897
666.14294
692.31415
627.69699
764.68396
816.2322
1634.59396
738.85202
698.59004
752.18296
789.93797
686.95188
762.34198
961.98893
720.46208
809.5181
659.94096
913.01394
674.09611
707.72815
737.27107
766.84499
771.53277
789.82496
689.89205
653.20206
672.1921
699.91088
830.94597
761.15084
691.782
759.95898
703.17388
668.80512
820.98603
762.25114
833.02712
714.78391
721.05098
746.47713
770.76721
798.99716
838.12785
974.0541
729.66599
860.81982
801.98002
817.96694
835.03413
786.82899
936.40494
863.54709
862.84995
759.62305
1034.39903
788.04398
799.39914
2790.9348
706.08783
740.12089
829.20194
1829.34499
729.40207
744.08889
898.17786
755.40996
693.69197
660.66098
1693.04204
745.20802
681.72383
800.68398
796.39602
732.09596
751.28698
655.03407
595.06989
692.18802
578.92609
639.98199
669.65413
600.41285
695.72806
795.79782
604.64311
641.55507
760.63108
685.78291
642.23003
681.00309
626.03092
597.03994
736.22108
675.71998
597.91303
677.3448
732.45716
670.02583
704.97704
764.16302
751.07193
844.39516
796.88191
794.8761
934.16786
750.49114
730.80182
790.3111
657.66096
692.28888
685.95886
712.62693
765.15985
780.45201
627.25806
616.52994
696.49005
722.19586
662.21309
729.19106
658.07891
602.10395
663.43212
661.237
669.35802
698.37189
659.85894
678.9
898.59509
861.08494
758.79598
737.26106
657.52387
595.40701
678.22504
654.7718
667.53507
740.77797
708.6041
639.1089
688.91597
702.05784
616.03999
613.25812
575.19317
608.85787
603.41716
644.7649
705.23691
591.06994
600.52991
634.71222
555.32789
566.40577
747.31922
587.80718
597.296
602.66805
719.32793
662.97102
549.84093
555.80187
670.61496
596.29512
683.96306
640.89394
730.6931
648.78082
652.776
612.0131
637.14886
677.23799
711.3061
716.21895
803.09391
758.06499
650.93303
678.03812
861.90701
729.43687
686.62
720.20888
718.07408
678.10297
675.26889
807.80315
705.33013
706.47383
638.03196
662.13512
643.70084
625.03004
749.31598
650.25377
729.12097
662.01091
648.94485
644.39607
614.53295
574.16511
581.95591
588.38582
657.48715
631.29377
728.37901
776.69692
752.02584
840.24811
815.70292
728.84989
706.29001
625.73195
696.16604
720.41607
593.94097
736.92799
959.86485
775.89703
790.21788
838.69696
821.17701
893.63408
916.15796
937.71791
958.73594
837.47697
737.216
810.72903
899.17994
894.28806
951.92313
1106.18711
1022.07708
1140.04397
1143.54801
770.48206
890.83791
751.81103
642.17305
655.99084
586.74288
697.25895
772.93801
906.01015
719.97094
688.66587
728.97506
747.3259
715.96694
720.60013
674.53623
699.30315
1172.45293
815.38606
791.63694
554.142
587.01706
748.77
792.31501
785.29906
649.35708
647.62402
613.93118
603.8661
595.17097
595.33191
750.37289
626.67418
728.45602
807.41811
673.47407
808.68506
810.91309
760.185
754.20094
720.57509
697.59107
707.865
690.36198
659.26814
793.05983
764.77194
701.9999
767.27605
700.99306
658.88786
634.01294
630.05996
587.82697
590.28411
605.81899
627.01488
592.99397
624.12381
579.9439
721.95196
647.87507
653.16606
568.97497
712.22997
655.92194
586.52616
617.26093
675.36306
813.66205
668.55597
649.41287
684.00216
592.07702
711.28511
609.95913
738.44504
656.35514
711.01499
673.19989
617.00892
706.49195
674.83711
616.80913
644.56987
706.64811
651.021
695.69302
685.32085
645.72811
557.49798
594.42711
571.16103
716.55703
549.22009
581.43401
596.99106
637.47191
537.61601
546.97585
578.97806
615.14091
535.815
499.10998
582.61681
648.67496
512.17198
598.04797
529.62303
568.07017
549.69692
618.1941
507.11393
598.23394
594.1751
629.80413
671.18192
633.80384
707.31807
739.79211
681.80203
656.97098
594.07616
676.9681
740.17119
643.9321
586.06386
590.35707
683.87508
582.93104
589.14995
616.38379
686.77497
588.6271
703.77493
652.40121
525.04897
559.68595
542.65499
566.29014
600.22211
519.38987
621.16718
732.63407
791.70895
716.717
779.35886
671.49806
822.14403
726.64785
706.07805
767.06696
727.32401
703.49097
708.40192
824.56303
755.48291
751.17707
860.43191
942.42287
923.00797
860.55994
744.62199
814.31103
812.68001
843.04285
936.33604
880.6951
799.25299
458.28891
452.61502
407.08995
440.65094
452.99602
437.85
431.27418
446.57898
426.0242
389.11891
415.39097
401.824
379.14515
362.90503
367.69605
380.2259
372.54786
441.00595
408.18405
407.95708
402.66204
374.63284
388.76009
404.79112
386.04307
386.55186
432.235
438.73382
446.02609
455.235
448.23909
431.62489
430.91393
428.62511
396.91591
437.96802
428.95508
424.37291
453.28903
425.86184
440.01412
414.99281
465.99984
452.34799
432.89399
465.82603
386.43909
454.87595
465.45792
532.71699
593.26887
423.52295
1160.96616
443.74418
360.52513
429.528
465.20185
464.57195
371.85407
472.69797
386.28697
433.86507
370.16892
342.78607
454.78702
404.01602
419.98482
428.77007
432.60503
563.74216
393.08786
455.00398
350.52299
471.77505
376.63412
360.16893
395.89787
390.16199
406.76594
364.79616
350.15297
575.81711
388.11684
344.05994
460.12092
488.8401
328.00198
404.598
375.96703
473.67001
435.16493
419.49582
389.009
397.77994
363.74593
461.03811
441.61916
336.05218
392.53402
463.28712
624.34888
419.85607
369.78102
427.91796
345.649
401.88098
421.00406
364.43591
378.49188
369.11893
480.95393
457.75104
351.15886
341.99595
374.05491
372.967
404.95992
440.00816
426.0149
462.86988
506.11115
390.63478
389.36305
569.20505
458.78911
459.04589
504.96411
368.00599
353.266
406.74496
451.50495
360.04806
335.5062
340.3132
333.8871
334.85198
346.22097
448.89498
333.92906
398.94104
440.30404
339.83397
347.81289
452.43406
397.73202
331.97188
374.08495
332.14116
424.84283
435.23002
505.13601
354.90012
432.74188
373.28696
435.87303
407.64999
389.17184
358.23512
329.88286
429.12912
437.02888
369.46988
426.78905
362.8881
452.86918
388.98778
373.03519
419.204
416.62598
453.14813
422.92094
435.15897
419.49081
414.51502
429.31008
409.14297
347.64194
327.92592
346.19212
363.07812
427.69217
427.98996
450.01912
442.1699
339.52999
361.87792
349.68305
411.01217
422.96982
443.60995
398.46706
419.87491
411.01599
386.01685
490.08799
371.1741
372.14398
417.89818
371.43612
458.87399
1034.62815
1039.69288
1076.53904
1051.92304
1054.08692
1002.02203
1151.48497
1095.87598
1013.19814
1001.90496
1018.24403
1028.67603
1048.17796
1081.68793
1015.99503
1147.0201
1042.96088
1135.08797
1076.85995
1064.55588
1127.87104
1137.31098
1131.26302
1224.32303
1175.60506
1218.65821
1267.35115
1189.92209
1208.40192
1163.90514
1147.48192
1149.32895
1180.30691
1177.83594
1217.22794
1157.31812
1059.2742
1085.13117
1091.72702
1042.799
1080.09601
1147.30096
1072.90483
1070.85705
1035.96401
1122.44987
1017.22789
987.5319
1042.52219
1054.33488
1354.19917
906.83508
715.35015
718.35113
852.70286
952.39401
949.00513
1038.30004
1006.23298
1139.99081
1084.54013
593.94789
701.08509
780.28679
881.20317
843.91904
914.84523
932.08385
971.58003
977.01383
964.00905
792.03701
768.98503
765.49196
726.90415
757.9639
681.5021
717.22317
775.07806
658.70595
707.63111
669.19708
664.33477
709.1341
677.24895
596.57788
675.55809
627.97999
654.90389
627.89202
552.47593
595.19601
617.33794
604.71702
594.72108
595.54791
588.98711
599.0541
604.71988
541.01896
687.90197
623.66199
581.47502
634.98712
532.52411
630.19705
668.75005
548.08116
587.52894
588.36293
546.96894
653.02992
635.24199
574.07784
594.68198
606.87208
508.10409
527.35901
631.212
587.31699
623.10386
579.71907
613.00206
794.4591
703.88389
730.10206
784.60383
590.99603
615.81802
631.94704
642.71617
680.22013
640.11192
625.96416
575.57487
599.32899
583.08387
622.93792
629.07887
594.94114
607.93781
613.05618
597.90587
693.22991
591.95614
608.26087
841.65907
863.49106
928.63512
1002.21515
1219.51199
916.09907
1031.08883
984.24196
866.17398
815.51099
911.34906
879.0369
786.83996
796.96798
774.67799
839.21409
841.69292
793.84208
831.31981
863.024
982.76401
836.38096
788.68699
755.25093
769.91796
708.94098
693.78281
799.83592
670.62712
581.27117
594.6691
550.18592
562.64305
540.74502
546.803
568.22419
589.5021
571.85388
604.50602
600.33202
497.44296
539.39104
538.71083
582.82304
593.27602
541.87989
583.62913
737.72502
744.05098
734.80988
740.47017
761.44791
607.62405
755.95307
738.23309
819.40293
752.03896
716.47096
703.33099
765.10191
894.4931
748.30198
797.04189
805.66597
711.74192
854.49696
767.83705
841.90202
760.55121
762.24017
769.65213
767.68303
747.89906
789.37006
813.5159
883.20398
863.42406
796.15211
808.79283
893.47696
787.81295
740.56506
776.41511
660.33697
591.39514
710.65998
828.31907
731.9479
784.66916
689.96191
669.33298
703.76015
699.224
753.90387
794.5478
637.30121
704.47493
691.45203
693.51697
641.11805
882.50399
829.99206
799.69096
795.82691
927.71196
767.93599
707.05295
631.1729
661.33714
807.57093
643.24999
676.28384
645.48302
716.8591
840.37185
798.51604
852.06509
756.39892
671.15092
812.42609
717.03005
768.07714
725.39091
601.48597
656.003
648.89598
604.27999
665.74597
747.25795
629.09198
592.82303
681.13303
605.56889
751.24097
683.98285
734.57313
815.1679
647.62092
742.33913
754.30393
772.81213
717.98182
638.57198
702.53205
651.83711
613.91187
597.76521
684.93295
660.52485
832.76296
697.39008
730.13115
925.93002
1009.18007
1088.6991
825.36793
761.72209
909.38497
886.91807
833.64105
861.41205
999.74203
1033.26416
1240.58294
1045.49003
1161.81517
1170.89105
971.48991
896.28911
908.88596
991.8921
944.26489
945.85013
1013.65089
1098.30117
894.48595
982.41305
1002.18081
1003.19886
990.73601
1049.99614
1005.14221
1102.41604
990.06987
1037.61816
1090.22093
1042.413
960.42013
951.83897
923.31004
994.38
10748.31295
995.40305
1117.84792
1131.45995
1102.42009
1109.39789
1131.30903
1044.55996
1122.23983
1141.24298
1209.11598
1182.77884
1101.38392
1290.86018
1057.69897
1158.80203
1053.91598
1114.49099
1055.32503
1153.50389
1120.30196
1117.04612
1023.67687
954.39196
1047.997
1082.60012
1087.59093
1104.71797
1118.02983
1095.21914
1171.05103
1333.15492
1321.70701
1308.06279
905.3359
1009.92584
967.27085
961.06195
939.34989
896.56496
916.37421
961.10892
927.02293
890.01107
933.146
786.59201
820.30606
850.7669
717.93294
2043.03694
854.9881
916.98194
807.27506
889.22906
987.83302
1038.65385
897.97807
880.862
775.47193
870.47195
765.67888
851.06397
726.07088
1047.18709
1022.99905
961.71188
911.93891
829.53501
932.82509
886.39998
829.6299
837.30698
878.829
811.20086
631.11806
538.31291
581.91204
531.19993
538.67722
551.579
614.76302
677.4888
603.39904
680.34792
741.21094
746.20104
736.42087
661.41295
656.8501
628.89504
615.38815
746.46401
721.98296
751.03378
700.495
701.85804
647.59016
700.84906
672.39308
636.46293
627.666
640.40399
665.61508
789.61992
664.97898
572.50619
598.31619
635.18286
590.37709
557.52611
678.22409
693.09902
542.94395
672.05906
683.29716
590.65509
582.62706
581.95806
618.97993
648.05388
695.9579
706.94804
582.47399
721.45414
609.70592
712.77022
688.02023
639.47105
615.37313
582.83687
648.36788
604.79307
625.36693
653.62
614.10713
670.92991
700.36006
703.85194
780.29108
675.59004
574.05806
687.60395
618.02101
641.29591
615.51309
645.47896
639.65583
649.50514
747.5059
634.82714
686.12385
742.01488
698.07601
719.10596
701.03908
606.42695
734.44796
620.11886
613.14797
737.08296
621.75488
683.89106
711.95507
821.30408
677.07181
650.44999
678.30205
657.7549
621.68193
700.44589
663.88392
666.87298
708.20594
656.15988
664.7191
715.10696
706.07519
700.76919
701.82085
731.43792
706.63118
696.46907
697.22795
697.59989
676.98812
615.01789
685.02593
856.0071
644.11902
641.37411
666.75091
840.29102
877.25496
896.73305
879.79317
840.01589
741.41216
774.47295
764.83202
724.59602
792.7072
751.42789
818.24589
801.07999
805.42397
887.79211
901.45206
847.11504
891.79897
878.00193
864.47811
826.83492
835.09707
982.19895
933.50315
989.8572
1124.11785
1186.61404
1046.9861
1033.92196
1004.91691
1110.67009
1005.19586
1118.23511
951.60198
1046.34595
1026.04389
903.69511
911.47089
977.75912
987.23292
957.443
1027.68898
949.98097
1055.04894
1007.09105
1000.8769
948.05193
914.48712
892.37189
959.15294
973.69194
1028.10097
1021.84296
1020.082
929.78907
909.77287
783.90503
807.21998
845.15595
891.22009
827.26598
914.72101
1006.10685
877.61998
943.60304
1000.66304
991.79411
906.44193
1057.79314
927.3479
971.56
929.99411
456.78592
447.58916
421.10515
475.27289
526.43204
558.54702
595.41798
635.15306
533.30898
691.45608
773.4468
785.23111
904.74415
865.47494
843.52493
933.1851
892.90285
841.00986
855.90696
917.11807
814.89992
1245.68391
904.5651
790.80391
710.18696
759.866
768.94188
440.46807
483.1121
513.56006
476.61901
454.44584
490.92007
487.54501
475.51918
541.78977
519.24801
479.29287
550.83299
630.62
601.65787
646.19994
581.47907
601.82786
648.71311
561.95498
599.52402
708.44698
655.38001
701.23005
854.47001
666.94188
714.84113
603.02711
698.96698
763.46803
652.22192
555.43303
497.85304
548.15006
520.26415
645.20693
502.84195
480.98803
515.84005
534.04498
553.08199
546.44203
553.24984
486.52697
580.27792
538.99193
554.13508
552.46305
562.54005
537.20093
513.32808
567.91091
520.57505
599.65396
553.08604
616.24694
589.04195
614.68196
589.51092
648.53716
724.58315
824.64695
701.35307
690.71698
657.96804
665.52305
620.02921
594.27309
585.30998
624.1498
538.29718
628.04699
522.49908
568.76087
648.04292
539.51001
484.16996
534.36208
484.5221
526.13902
516.9239
528.96404
506.69003
460.21509
455.51395
533.19311
551.40209
525.36798
553.52592
565.31096
679.77691
612.01096
630.759
674.33906
661.22103
700.37603
721.60292
686.94901
738.2431
761.04808
783.81896
748.43693
677.38795
727.20981
768.53204
653.13196
675.25601
676.229
640.45501
685.3652
669.92807
761.77096
698.8492
569.95106
607.50985
550.5631
602.42414
574.03994
610.40115
524.2939
503.17812
506.59299
466.35699
548.73109
619.44103
503.23892
501.88112
456.68602
540.905
514.27722
494.26007
514.03093
626.78504
634.74202
608.03413
644.41109
583.26316
620.9271
574.51296
624.89104
537.57715
547.64104
531.08311
480.96585
491.15109
534.02901
527.0822
568.78686
616.43505
584.63097
659.46507
633.92901
593.89901
699.23902
595.28089
627.41399
639.70089
648.06318
652.97604
587.01587
613.18302
596.50183
616.54902
643.76497
809.67689
682.31916
670.05706
664.71386
657.22418
649.62816
647.25399
688.46703
717.78989
711.07602
379.83894
389.89902
378.95799
386.0321
412.95791
390.14006
380.87606
376.50585
377.882
383.96597
385.21791
375.67496
415.32898
380.61595
414.02411
381.042
381.89697
421.33093
382.88784
376.84107
378.96991
383.22687
382.7579
382.18999
409.98411
397.33696
405.85208
436.86604
426.15914
479.06017
501.91903
506.16002
501.14202
497.72382
484.25102
512.87293
494.28606
527.82011
539.78992
588.29904
584.81216
630.19109
665.80606
563.92908
568.25495
490.76891
469.51795
499.89891
505.64814
584.52582
677.13189
580.62983
514.853
586.54213
536.63492
557.31416
510.849
520.17403
497.20192
513.74102
522.81213
585.02603
484.63011
493.06822
502.85482
509.58896
580.03187
548.33198
588.78994
565.27901
553.77197
520.40195
534.88612
604.285
603.90711
565.68789
541.96405
549.18098
570.28317
546.32187
545.28713
494.37094
476.58706
432.72209
503.99399
449.09406
469.11597
473.26016
449.17488
470.62302
502.78211
436.57589
429.14414
429.20208
486.37199
447.59202
445.503
404.79302
438.33709
556.79607
651.17002
501.55592
448.63415
495.96691
506.58488
511.17516
471.138
487.59818
486.33695
482.21493
483.18911
466.03513
470.33095
449.25499
438.07101
458.89091
481.48179
496.96612
480.83091
506.248
498.70896
485.67295
537.59813
551.19491
508.8222
483.35195
527.93813
556.04506
544.08193
519.9852
503.27516
478.01304
483.20699
481.112
526.03412
448.26508
462.86297
457.23104
446.9552
465.62696
440.49597
501.35899
446.33389
480.49712
509.35888
512.57396
513.92889
538.18107
499.90702
593.03808
685.601
480.50308
526.77393
476.11094
690.36698
758.33392
767.19499
696.702
748.22092
787.15396
786.31997
809.81493
903.5821
813.80987
798.68698
821.24209
731.44794
764.45889
868.27207
749.93801
838.135
883.76093
477.53716
495.65983
527.07481
501.94001
506.88195
547.67895
545.45808
531.65984
464.36787
527.16708
515.33103
528.80406
533.62799
520.91813
514.34517
576.51305
580.62005
555.00984
547.81508
509.20486
533.19407
502.98786
610.502
614.19201
560.06503
631.52695
632.33805
620.57209
576.77603
530.31397
606.75812
522.24708
684.96895
583.24599
649.68514
540.66014
668.52903
561.57517
590.53206
657.22513
723.02794
510.33998
552.83189
646.71016
533.12802
606.85301
630.51915
583.08792
593.63818
600.01993
623.72899
538.47289
573.668
604.18487
594.04707
596.3769
565.09709
544.12603
624.03798
588.92488
675.30894
652.43196
668.38002
647.46499
626.03307
610.49914
608.65903
660.75921
629.11487
669.36302
566.46705
680.59802
675.34494
692.35492
570.87493
563.47299
547.00899
646.89803
746.382
508.5988
496.3491
545.609
545.31002
565.46879
463.19199
526.84498
488.84511
519.19389
493.85214
505.06902
459.14698
555.7878
557.68085
470.438
435.43315
409.22689
416.92114
418.607
421.24701
420.52889
384.87005
383.22496
379.22788
380.95593
373.41714
417.69814
352.31781
373.64602
363.91687
372.09201
385.83398
374.89295
395.12086
440.26995
389.56094
386.657
360.54492
355.43704
385.76198
547.42002
385.14113
382.90596
373.39091
376.91498
374.81713
399.85013
386.76715
485.85892
568.573
456.60806
465.47294
607.32102
468.42504
524.24908
497.545
475.60096
450.96803
456.79903
531.05402
491.48011
489.44688
581.55084
485.05116
513.11016
559.71098
550.66705
551.59187
505.28407
556.73313
565.26303
612.92386
544.75617
543.71095
505.70989
479.97499
512.82883
547.19114
550.57287
525.20299
484.68685
461.10797
620.53704
461.49802
497.4761
539.03389
551.94306
500.75889
504.04716
463.10687
526.2351
617.09595
492.95282
499.91512
523.15903
478.19304
465.74593
484.69281
541.82792
597.94998
430.8691
429.23212
485.16512
528.99313
472.0211
451.19095
448.76099
422.78004
424.19815
440.18412
452.21114
477.86498
443.46285
487.3631
516.54506
494.29607
492.69009
525.55203
542.30785
624.54319
557.04999
643.38589
581.28786
625.72885
611.30905
691.78009
674.69311
607.54895
599.90001
630.13315
540.84992
522.7561
582.46493
578.14503
679.64506
556.01287
588.81807
570.41192
638.50594
562.93011
656.35896
630.89585
600.90494
577.02398
1297.92595
804.4951
616.06193
580.26099
561.54394
274.59502
174.76583
175.30799
175.49586
175.62795
173.38085
174.83115
173.86198
176.24784
174.93701
280.04098
292.7351
175.60101
375.31996
224.48683
176.61214
256.15501
259.81402
176.27096
202.61002
243.39509
255.2309
206.10714
178.76387
177.15383
174.88408
174.15285
174.28207
175.37093
177.65713
175.01879
176.651
179.2829
172.77384
174.77798
177.74701
178.12896
323.94481
279.85907
175.7338
279.12998
174.34883
253.76201
174.75915
176.5039
175.44007
177.1028
178.51901
188.88187
294.36707
328.31407
177.61111
175.74883
190.81593
176.00608
175.78101
176.75209
177.12903
174.42012
177.24895
176.41807
176.13101
174.65019
177.28901
176.11313
179.14796
177.53386
177.50001
176.68104
186.98502
182.42478
272.64214
1167.32192
177.99902
181.36311
181.2849
177.23799
176.93901
178.61891
178.65515
178.86591
181.56004
175.86899
182.99699
177.92606
175.89808
181.62012
176.00679
178.78199
181.88691
177.67596
180.26114
181.99301
178.20287
225.82197
176.16606
178.66683
181.25105
177.74892
212.90183
291.06188
180.74107
176.42593
177.11115
183.02584
181.13112
181.02193
183.00796
178.55406
180.62711
177.64878
178.02501
196.47193
178.57814
178.25508
175.54402
177.73795
189.01086
182.2722
176.14794
261.85513
299.20888
184.98993
266.083
176.28098
346.802
186.27405
186.40494
242.22994
285.58993
324.92518
185.14585
178.00617
175.14014
178.13587
178.94578
177.64711
173.42901
174.22891
198.37713
195.12796
176.76401
181.75983
179.5001
176.19586
180.57799
176.52988
180.31406
179.8501
209.64599
288.56111
179.6639
182.25884
175.50802
179.68488
180.0971
178.02382
181.38909
302.36697
286.99088
176.68509
369.46893
180.84097
233.65307
182.2269
180.02295
183.15816
176.25904
173.69795
195.85609
180.31502
178.58887
188.90786
178.40195
185.52399
190.98902
183.66003
187.89291
176.86701
176.17798
185.65488
175.36807
178.99299
180.84478
182.82199
177.18601
204.50997
181.36907
198.30179
187.07395
182.585
185.87399
238.33299
204.62394
196.26904
191.66803
186.7311
187.428
180.74799
210.29806
487.44392
426.85699
473.7432
504.457
554.43788
399.9958
507.73001
520.82491
553.66302
418.88094
432.11985
416.63909
460.6061
584.2979
554.811
483.58393
388.91387
399.37997
417.92893
394.73104
538.51509
466.57586
553.48301
438.9019
366.32395
446.08688
463.86909
444.42201
487.391
539.43491
487.73408
452.45695
470.36219
503.50189
425.72784
506.10304
435.77695
475.41404
477.49901
546.43583
458.86207
461.36808
513.83901
578.79281
526.80802
504.13489
537.02402
509.67407
536.60822
485.67605
534.34801
454.37479
588.17506
437.69479
484.48586
574.59211
562.27708
494.58504
486.50503
442.81197
466.12906
430.36413
522.63284
509.03583
474.83397
451.04313
428.50018
447.35694
478.1909
539.34407
416.86296
443.27903
580.85704
424.03913
575.01793
439.68391
482.16009
442.90996
453.06706
495.02897
456.06804
428.37501
504.49395
436.68509
414.22701
467.206
468.86206
525.39277
448.66896
445.59097
445.63603
434.7291
466.86912
467.45896
488.12985
466.20798
445.73998
544.35015
471.09294
472.11599
537.56213
526.04818
571.93422
517.43102
464.75601
469.6219
497.293
412.54401
529.3088
514.85014
486.22108
468.60003
542.19079
467.8638
464.55503
453.13001
549.08609
480.6869
648.02718
525.70891
509.46403
505.18203
566.47611
481.30894
477.99802
675.58193
611.03916
550.06194
563.66515
582.829
565.04107
567.26289
488.20806
471.51685
557.89399
417.39702
373.40713
433.86388
457.371
458.63008
515.939
472.63408
446.25282
472.43595
569.58699
469.32101
443.77398
528.7919
584.09405
480.28708
524.54281
452.28291
482.7652
504.15492
455.89614
481.56118
514.28294
498.17204
404.27017
468.34588
555.59802
510.01096
413.40399
443.78686
551.22995
497.06507
454.82802
474.94102
460.28996
440.72795
477.19908
476.44901
444.97395
594.33389
441.22601
460.13284
443.97998
464.99991
480.24988
500.88096
459.09619
434.98111
500.45586
461.3781
473.05012
503.98612
456.97784
503.052
475.68893
460.42395
532.05204
498.71683
506.30689
489.26711
443.73202
439.05187
440.32288
481.60601
436.23495
506.006
821.49196
651.55602
729.7349
693.115
613.37018
766.43491
813.41314
831.07209
772.50814
742.44404
699.224
637.48503
655.28607
684.95393
651.11208
596.50207
584.66387
540.85612
647.35603
541.6019
673.51699
586.53498
538.74493
545.31884
526.98302
567.02995
577.15011
648.13089
568.93897
517.9491
481.01211
556.37693
568.63809
522.97401
503.99399
505.059
531.29601
494.47393
507.24006
563.91501
541.43786
562.06417
540.97295
469.02108
531.57401
577.45695
543.95914
496.08588
515.09905
592.36407
642.78221
612.58888
576.40481
568.02797
503.92103
614.50291
520.45488
490.13305
526.16
514.77885
507.19213
559.90601
611.15694
701.72119
611.41109
712.59809
698.43698
705.827
723.67406
683.13503
633.58808
608.46686
666.97788
665.01093
639.20617
584.88989
628.11399
537.93311
658.1099
576.94483
520.74122
505.82981
495.93806
499.80211
525.52199
629.43101
546.95296
559.92222
486.81092
550.33898
534.20019
578.89199
545.25495
532.69291
524.97506
577.26216
594.75589
571.88678
609.31492
634.82094
635.44393
541.67891
655.10488
553.03192
594.9719
578.91011
580.04594
589.09798
599.01404
592.12899
632.93886
562.34121
508.39806
519.28997
523.05102
546.93294
477.08797
475.50201
450.58298
479.89607
381.93297
416.28313
420.99094
441.79511
445.89591
384.35388
441.89596
428.17402
382.80582
443.39919
507.59697
453.372
538.14507
554.39401
531.22997
485.24499
490.71002
493.37101
505.59211
494.32683
499.8579
512.0821
496.98591
493.94703
555.06396
556.57291
541.34679
495.9929
505.02205
546.134
523.8781
525.96498
509.04584
607.01609
562.85787
567.24405
579.08702
573.89593
518.31579
518.0409
499.34411
475.80695
424.71409
512.15291
496.89317
506.35982
491.68301
490.11779
394.85097
404.0699
458.07195
425.51613
503.04103
431.777
485.86202
515.14506
470.88385
536.97419
482.24878
512.67719
466.52079
579.75888
592.03005
625.103
579.99015
530.46298
568.13002
585.85
586.26199
548.27189
552.72913
566.05697
553.51305
548.68102
550.735
618.51907
608.00791
599.67709
568.79997
549.80206
