1047.18709
1022.99905
961.71188
911.93891
829.53501
932.82509
886.39998
829.6299
837.30698
878.829
811.20086
631.11806
538.31291
581.91204
531.19993
538.67722
551.579
614.76302
677.4888
603.39904
680.34792
741.21094
746.20104
736.42087
661.41295
656.8501
628.89504
615.38815
746.46401
721.98296
751.03378
700.495
701.85804
647.59016
700.84906
672.39308
636.46293
627.666
640.40399
665.61508
789.61992
664.97898
572.50619
598.31619
635.18286
590.37709
557.52611
678.22409
693.09902
542.94395
672.05906
683.29716
590.65509
582.62706
581.95806
618.97993
648.05388
695.9579
706.94804
582.47399
721.45414
609.70592
712.77022
688.02023
639.47105
615.37313
582.83687
648.36788
604.79307
625.36693
653.62
614.10713
670.92991
700.36006
703.85194
780.29108
675.59004
574.05806
687.60395
618.02101
641.29591
615.51309
645.47896
639.65583
649.50514
747.5059
634.82714
686.12385
742.01488
698.07601
719.10596
701.03908
606.42695
734.44796
620.11886
613.14797
737.08296
621.75488
683.89106
711.95507
821.30408
677.07181
650.44999
678.30205
657.7549
621.68193
700.44589
663.88392
666.87298
708.20594
656.15988
664.7191
715.10696
706.07519
700.76919
701.82085
731.43792
706.63118
696.46907
697.22795
697.59989
676.98812
615.01789
685.02593
856.0071
644.11902
641.37411
666.75091
840.29102
877.25496
896.73305
879.79317
840.01589
741.41216
774.47295
764.83202
724.59602
792.7072
751.42789
818.24589
801.07999
805.42397
887.79211
901.45206
847.11504
891.79897
878.00193
864.47811
826.83492
835.09707
982.19895
933.50315
989.8572
1124.11785
1186.61404
1046.9861
1033.92196
1004.91691
1110.67009
1005.19586
1118.23511
951.60198
1046.34595
1026.04389
903.69511
911.47089
977.75912
987.23292
957.443
1027.68898
949.98097
1055.04894
1007.09105
1000.8769
948.05193
914.48712
892.37189
959.15294
973.69194
1028.10097
1021.84296
1020.082
929.78907
909.77287
783.90503
807.21998
845.15595
891.22009
827.26598
914.72101
1006.10685
877.61998
943.60304
1000.66304
991.79411
906.44193
1057.79314
927.3479
971.56
929.99411
