889.32204
828.37391
783.89978
751.81699
819.9501
864.49003
866.503
1029.03008
1107.60093
967.70787
1068.92681
1149.58692
1132.60579
1112.73193
1119.74716
1000.05317
1176.543
950.58799
1035.81309
1048.25401
1067.40189
834.77402
799.03913
850.39902
877.27499
804.11601
766.32404
728.85799
705.08003
719.60807
732.29289
718.85991
683.79116
713.10306
780.38096
753.30591
705.95002
763.92698
747.48015
717.58294
751.57595
802.98781
713.62114
750.83208
863.873
881.48904
856.89592
944.69595
873.52085
748.66009
984.09104
784.08289
730.00002
735.50105
784.307
773.27704
662.97603
701.11299
689.04781
711.91502
784.18899
706.60901
725.95406
717.03815
708.39596
721.82178
788.54299
773.65708
706.38585
726.69888
760.2129
758.92305
798.79093
841.01892
776.02291
741.82415
762.84099
808.27713
759.11307
809.40413
966.82596
902.95601
901.474
845.27111
912.256
862.64014
793.64109
748.72708
722.07308
742.68985
781.811
782.06992
704.40888
682.78313
611.13214
659.74188
607.80311
669.348
658.22983
651.04008
773.42606
596.77815
597.03207
553.40099
590.67607
617.27095
535.07805
474.86997
487.80012
531.82888
510.72788
571.81096
523.44918
514.20808
521.64412
575.18697
536.268
555.64904
529.15096
545.55392
529.69718
557.92308
645.42794
564.89682
524.73688
543.76197
481.73904
537.26888
553.72691
514.53304
522.83907
575.83213
537.06002
545.60208
571.85197
609.0579
607.13696
593.80293
594.50698
552.05798
577.5528
583.75692
552.98805
572.27492
568.31002
503.54195
540.5941
517.44318
559.56006
664.49285
759.11093
574.5151
566.70594
618.10708
649.88589
580.0209
636.38997
646.54303
657.83501
638.75389
588.41085
617.4078
644.74106
610.04496
637.46691
628.32403
661.58509
636.98196
640.39683
656.24499
703.85504
661.02409
658.86903
660.37107
738.4851
743.41512
738.8072
670.1529
678.2248
726.43399
702.00586
685.67395
653.96595
694.53788
684.60989
727.44203
718.60695
803.04193
776.06297
764.69088
754.43721
726.46403
733.82998
709.47599
745.17584
825.19388
785.90393
801.03183
834.66792
769.5961
