456.78592
447.58916
421.10515
475.27289
526.43204
558.54702
595.41798
635.15306
533.30898
691.45608
773.4468
785.23111
904.74415
865.47494
843.52493
933.1851
892.90285
841.00986
855.90696
917.11807
814.89992
1245.68391
904.5651
790.80391
710.18696
759.866
768.94188
440.46807
483.1121
513.56006
476.61901
454.44584
490.92007
487.54501
475.51918
541.78977
519.24801
479.29287
550.83299
630.62
601.65787
646.19994
581.47907
601.82786
648.71311
561.95498
599.52402
708.44698
655.38001
701.23005
854.47001
666.94188
714.84113
603.02711
698.96698
763.46803
652.22192
555.43303
497.85304
548.15006
520.26415
645.20693
502.84195
480.98803
515.84005
534.04498
553.08199
546.44203
553.24984
486.52697
580.27792
538.99193
554.13508
552.46305
562.54005
537.20093
513.32808
567.91091
520.57505
599.65396
553.08604
616.24694
589.04195
614.68196
589.51092
648.53716
724.58315
824.64695
701.35307
690.71698
657.96804
665.52305
620.02921
594.27309
585.30998
624.1498
538.29718
628.04699
522.49908
568.76087
648.04292
539.51001
484.16996
534.36208
484.5221
526.13902
516.9239
528.96404
506.69003
460.21509
455.51395
533.19311
551.40209
525.36798
553.52592
565.31096
679.77691
612.01096
630.759
674.33906
661.22103
700.37603
721.60292
686.94901
738.2431
761.04808
783.81896
748.43693
677.38795
727.20981
768.53204
653.13196
675.25601
676.229
640.45501
685.3652
669.92807
761.77096
698.8492
569.95106
607.50985
550.5631
602.42414
574.03994
610.40115
524.2939
503.17812
506.59299
466.35699
548.73109
619.44103
503.23892
501.88112
456.68602
540.905
514.27722
494.26007
514.03093
626.78504
634.74202
608.03413
644.41109
583.26316
620.9271
574.51296
624.89104
537.57715
547.64104
531.08311
480.96585
491.15109
534.02901
527.0822
568.78686
616.43505
584.63097
659.46507
633.92901
593.89901
699.23902
595.28089
627.41399
639.70089
648.06318
652.97604
587.01587
613.18302
596.50183
616.54902
643.76497
809.67689
682.31916
670.05706
664.71386
657.22418
649.62816
647.25399
688.46703
717.78989
711.07602
