651.13997
657.73296
686.07998
697.81613
606.23693
697.16191
654.46091
689.34202
720.27683
766.36314
787.30416
680.15409
656.26097
640.04588
619.61508
612.02097
633.40902
708.38094
705.31702
686.11312
709.21612
639.63103
710.88815
680.3081
861.35483
629.28796
655.6282
614.48097
661.62801
632.49993
606.5309
693.01105
739.72988
641.94393
634.92107
671.34213
654.78301
593.02592
665.34209
544.33298
645.74814
547.04809
524.189
511.06596
614.54606
663.01203
577.64792
564.08
918.72096
625.56791
819.71383
656.01707
631.20985
592.44084
617.27285
658.34093
666.65912
646.86799
698.33112
724.21622
676.64099
692.15298
728.86014
689.67009
742.18202
746.25707
687.26802
698.14491
693.66121
696.62786
746.21797
757.20716
709.31315
735.83293
769.95015
782.77898
850.16394
829.16212
765.69319
794.02709
655.3371
714.37311
784.4131
776.32594
816.01787
806.89883
799.28493
809.07512
757.56812
4090.55686
1125.37289
571.24782
579.19097
532.0611
605.87001
500.27299
589.13589
677.25706
645.62488
676.21803
832.39603
569.69094
577.425
577.79193
701.823
507.45702
578.78709
580.40595
553.10607
554.27694
566.83779
524.37901
514.00399
522.39513
513.36098
491.09888
568.82405
594.25712
536.18693
497.38193
493.433
397.46618
418.40792
594.69008
400.37298
403.87702
401.04008
415.73191
399.055
401.0272
398.09108
403.03802
412.37092
406.68416
417.71412
404.89006
399.54185
415.37404
406.286
406.27193
388.61799
393.30316
405.7281
395.45894
394.44208
402.89998
390.95592
418.95103
535.23302
540.03
564.21995
402.72999
391.30712
2174.02387
853.25384
483.27994
408.34689
410.18701
439.1098
457.89385
468.97101
482.78809
500.78607
444.75102
420.08305
479.86388
477.37789
509.70197
518.20588
551.69511
610.35514
612.06198
625.16618
631.93393
648.78201
643.75401
636.15704
686.11693
664.33001
833.17995
694.45801
704.26106
690.82904
643.13602
615.87691
645.11418
686.11693
683.87508
669.8699
688.62486
618.88599
649.08099
640.14983
643.8899
705.85799
617.63215
676.62907
674.47495
711.483
687.91008
