692.91306
717.34285
707.31902
645.48206
727.26607
707.41796
641.76702
629.16112
636.22093
649.78099
738.1022
777.15087
692.59787
643.79501
674.26109
591.66598
595.47186
599.10893
692.52586
676.97811
676.37205
695.34397
766.80493
692.72804
600.25191
650.68388
640.29312
657.32884
646.2729
614.44092
636.20305
700.22011
717.10992
667.85002
631.001
668.08295
705.24693
726.43685
663.45501
701.18523
717.43703
750.67782
622.15519
640.42401
658.05411
769.10901
720.06607
747.8168
771.07882
570.86611
851.84216
656.07691
621.51217
645.03694
656.99792
677.98209
689.11314
635.638
561.75113
657.5129
876.31297
657.04799
595.82496
762.29906
708.96101
820.96004
643.98313
645.10608
614.53295
695.37401
690.98806
637.11905
579.54407
653.28407
673.06399
631.74605
710.12616
638.04007
757.78198
626.53589
800.63796
717.67306
686.60998
665.45606
655.72309
673.12193
624.75204
561.08189
601.79806
689.95905
644.12212
663.64789
745.16892
615.67211
672.83988
631.14691
694.26513
686.61189
839.36596
663.12599
767.32206
588.56893
739.6841
707.47399
646.11602
785.07209
709.57494
805.1672
812.02888
2996.43397
837.71801
858.33502
780.43008
794.81101
889.01091
932.59192
758.89611
819.30685
783.81896
785.36797
735.66008
714.86306
802.01602
746.95897
733.77395
776.57795
749.09711
809.29804
858.88505
782.26709
896.62504
901.13306
954.69904
935.47893
960.47688
939.70108
931.83494
858.64305
949.94092
936.48386
1047.39809
895.28394
861.98688
832.56221
1006.13308
704.50997
935.54902
679.106
659.16491
716.88199
887.20107
591.75706
760.45585
674.11709
730.07798
768.05902
710.11615
580.28603
728.60003
660.954
584.05495
654.28901
652.46892
636.37495
590.08288
651.13306
593.38403
649.13893
666.50295
622.66111
645.72287
715.12198
682.31797
614.04586
649.59407
737.602
765.57899
598.65594
622.01309
640.03801
674.73602
697.20316
686.28407
692.08097
695.45412
762.84695
753.06582
693.0871
775.33484
636.98816
745.33486
730.00097
829.90408
796.16189
641.64996
722.92805
723.07897
666.14294
692.31415
627.69699
