821.49196
651.55602
729.7349
693.115
613.37018
766.43491
813.41314
831.07209
772.50814
742.44404
699.224
637.48503
655.28607
684.95393
651.11208
596.50207
584.66387
540.85612
647.35603
541.6019
673.51699
586.53498
538.74493
545.31884
526.98302
567.02995
577.15011
648.13089
568.93897
517.9491
481.01211
556.37693
568.63809
522.97401
503.99399
505.059
531.29601
494.47393
507.24006
563.91501
541.43786
562.06417
540.97295
469.02108
531.57401
577.45695
543.95914
496.08588
515.09905
592.36407
642.78221
612.58888
576.40481
568.02797
503.92103
614.50291
520.45488
490.13305
526.16
514.77885
507.19213
559.90601
611.15694
701.72119
611.41109
712.59809
698.43698
705.827
723.67406
683.13503
633.58808
608.46686
666.97788
665.01093
639.20617
584.88989
628.11399
537.93311
658.1099
576.94483
520.74122
505.82981
495.93806
499.80211
525.52199
629.43101
546.95296
559.92222
486.81092
550.33898
534.20019
578.89199
545.25495
532.69291
524.97506
577.26216
594.75589
571.88678
609.31492
634.82094
635.44393
541.67891
655.10488
553.03192
594.9719
578.91011
580.04594
589.09798
599.01404
592.12899
632.93886
562.34121
508.39806
519.28997
523.05102
546.93294
477.08797
475.50201
450.58298
479.89607
381.93297
416.28313
420.99094
441.79511
445.89591
384.35388
441.89596
428.17402
382.80582
443.39919
507.59697
453.372
538.14507
554.39401
531.22997
485.24499
490.71002
493.37101
505.59211
494.32683
499.8579
512.0821
496.98591
493.94703
555.06396
556.57291
541.34679
495.9929
505.02205
546.134
523.8781
525.96498
509.04584
607.01609
562.85787
567.24405
579.08702
573.89593
518.31579
518.0409
499.34411
475.80695
424.71409
512.15291
496.89317
506.35982
491.68301
490.11779
394.85097
404.0699
458.07195
425.51613
503.04103
431.777
485.86202
515.14506
470.88385
536.97419
482.24878
512.67719
466.52079
579.75888
592.03005
625.103
579.99015
530.46298
568.13002
585.85
586.26199
548.27189
552.72913
566.05697
553.51305
548.68102
550.735
618.51907
608.00791
599.67709
568.79997
549.80206
