941.93697
1038.14697
968.21809
1166.84508
1002.17009
1028.41496
994.26889
922.24979
851.25399
766.43205
893.65911
899.70708
893.63384
889.328
931.48398
832.37505
978.95098
840.26289
720.119
1048.75302
832.26585
819.93699
752.18105
803.86305
825.19889
860.25
958.82893
958.01687
845.31093
864.33315
918.79892
855.00288
1116.97793
867.38491
836.519
715.62505
720.19601
836.53188
681.11396
703.88007
636.45506
672.822
638.01694
628.20983
648.13614
638.85093
714.58888
711.64608
636.23285
695.70804
985.11004
799.26682
1018.8241
751.42908
783.04601
798.44117
821.65217
775.08116
780.76601
726.2249
691.1211
787.80913
778.32389
1009.26495
1011.45101
833.27103
785.82716
718.4689
834.1229
748.82317
884.68695
847.55492
925.25196
777.9119
963.49287
903.98717
914.43586
1013.71408
852.14686
1002.91109
1032.41587
950.69695
859.79819
1037.16111
989.68387
835.76894
963.68599
856.2429
893.53204
786.16405
871.12713
832.55506
894.21201
803.77507
741.82892
782.97687
838.12618
816.30301
755.22494
838.88721
993.66188
715.21997
640.62691
702.34299
663.00511
771.83485
731.08482
776.67308
817.64388
789.82496
850.80504
816.26201
746.665
822.79086
826.43604
870.26095
982.20301
1016.43395
858.33097
834.28812
1066.05601
916.20803
908.69808
951.22409
983.17003
976.73893
1111.82094
1231.7121
917.9461
1039.84189
902.30584
830.34587
1007.30109
977.06604
966.35008
919.27004
923.47503
905.75409
952.564
831.52604
694.839
685.61602
744.23313
716.94088
703.96304
740.86285
896.62313
706.79092
868.65807
977.30112
1028.82099
871.8679
764.93692
781.67486
989.08901
855.685
917.11497
1045.80402
1021.42692
886.44505
901.56293
1075.46496
843.52207
924.39294
826.80202
978.95193
1009.65095
979.11096
941.19406
925.25792
833.46891
836.17306
832.30495
827.22712
799.3381
838.11593
1008.86202
926.94592
978.05405
937.72888
690.57512
647.92109
736.22012
660.93278
694.91506
754.80604
725.46887
750.20003
908.66995
714.66398
764.539
707.57008
726.10903
1017.7989
930.97806
875.103
789.71505
800.64893
941.87593
828.47285
