798.12098
675.71306
818.01081
801.91612
849.29204
828.41611
791.15987
862.38694
898.99516
850.137
836.01594
914.86096
802.02198
1011.05213
934.865
772.95184
848.27709
852.86498
963.68885
814.41903
810.75382
829.19812
788.661
808.30503
845.51787
757.54905
840.77787
792.56797
784.05094
750.29302
993.70217
797.52588
847.42808
953.197
836.65991
914.13307
872.97201
925.46582
818.04299
838.36198
853.16205
834.89203
798.58303
822.90196
802.42705
795.17388
838.99212
911.11016
891.39509
894.449
1093.014
927.11997
896.84296
816.154
1120.50104
1108.94394
947.7911
840.52396
949.36419
829.53882
799.63183
960.09517
883.86798
1009.67193
1073.35711
937.62684
912.98413
898.18001
1039.25586
1069.49115
867.14292
954.18811
1003.40486
961.57098
1135.59508
1001.21593
865.15594
1036.90004
858.88886
825.6371
967.82613
927.4888
895.83015
1006.98185
737.92195
862.03909
863.48104
788.81407
739.68005
788.93805
665.24506
863.38997
757.195
880.27191
769.30189
772.06516
827.99006
735.22496
758.47292
839.32495
1016.60705
977.57792
975.68703
999.06993
846.16303
799.78299
759.17888
814.52489
683.09093
677.48404
755.46908
1009.92417
762.33602
910.33292
727.88
728.92499
755.56183
711.21311
728.96481
781.05807
793.30993
796.19002
827.28601
848.01507
807.01208
783.84113
824.28503
851.33481
884.56011
827.65698
1024.68085
1056.55098
983.13403
996.68312
998.15583
927.39797
862.01406
845.04199
1053.4761
1105.84784
789.96301
853.25813
861.8772
822.79396
773.42796
689.60905
680.86314
747.58911
732.17106
847.15509
941.72692
786.14688
715.1401
701.56693
784.68704
750.60081
703.59707
704.31995
768.9538
699.96715
713.73701
709.33294
699.72706
854.02918
683.34007
684.37696
635.13303
635.14686
709.60593
615.75317
642.7052
666.92901
660.61401
683.95901
646.47293
653.12099
601.69482
681.00905
714.84709
720.4442
671.00406
669.73615
607.03301
644.01793
700.37913
714.45012
759.23586
712.7831
742.342
788.7938
758.36396
777.74405
879.19497
681.45895
758.55017
745.80503
790.61103
976.9249
762.68506
819.67688
