782.23801
705.06001
790.04407
786.65996
791.04805
862.28085
849.85805
853.69396
849.28989
772.99309
763.41486
824.49102
822.84999
798.44189
709.57899
763.22508
794.01517
767.34209
688.40098
721.40789
775.56705
820.27292
780.53212
800.69304
903.48411
919.09814
832.27515
860.00395
921.29707
956.37798
992.23614
953.21798
1066.88213
925.7369
1084.40304
1094.23804
1132.45106
1175.98796
1084.83815
1084.02991
1011.31701
981.77814
978.73187
962.81886
997.16902
1021.18897
1070.27316
1114.61902
1094.87796
1090.23213
1165.45892
1006.212
993.41202
1021.79718
913.38015
1074.63813
995.82005
917.34982
1077.49605
1000.844
1003.23892
1031.92306
987.98704
1073.01497
1309.12495
1178.03383
1163.87105
1186.234
1136.60002
1098.68193
1097.48197
1056.22315
1078.31001
1173.033
993.55006
1205.05285
1225.11411
1200.11282
1152.15182
1032.70102
1152.85611
1070.74881
1231.03714
1171.80395
1160.38108
1086.96818
1111.23991
1132.01404
1469.6939
1093.3578
1019.16409
870.85009
933.27403
1020.2539
1107.57113
960.90889
1130.21207
1029.17194
1039.32405
1275.33984
1620.14198
2923.85602
3470.66307
3513.14998
3097.26095
1953.74393
962.816
960.08182
1093.63413
1055.17292
1014.15205
1050.53687
1099.02692
1184.76605
1192.96503
1107.43594
1069.28992
1032.60899
1251.20687
1103.34802
1041.98503
912.26506
975.21091
898.36192
875.46706
815.9039
896.88993
671.7329
730.96108
629.22382
605.08394
709.88202
705.55902
685.69708
692.63887
697.46614
748.59118
852.15402
754.69303
869.88807
781.991
857.05805
842.51595
786.66902
870.38589
816.53595
967.08393
920.33601
808.08306
944.42201
1066.81514
857.4872
868.27898
896.631
898.33617
844.414
734.91406
733.8419
800.97008
748.05188
907.71914
817.92521
900.47693
809.05199
839.51688
759.80806
802.3262
819.01479
773.664
860.39305
788.95712
957.94702
957.10206
852.82707
879.39787
772.83716
758.54492
817.02495
839.78295
811.15007
771.92593
818.1529
848.93394
761.92093
726.20106
715.18302
801.8589
762.923
669.74902
768.17203
718.03713
726.42994
718.2169
757.57003
787.0419
798.78902
1002.06399
924.37291
964.69998
881.66904
