1019.01793
1030.90501
915.71403
1012.08019
999.32885
1023.97895
1134.26208
1097.48912
1124.13383
1135.07295
1059.63707
1018.01991
1027.43196
959.12099
940.92393
1094.36297
1013.45706
1099.65396
1171.20814
1158.42819
996.82808
1116.49203
1056.47492
997.39385
924.72196
977.96106
1029.06704
946.45905
901.42798
974.30801
886.75022
823.78221
782.3379
649.14489
788.61403
614.91895
682.88112
698.70591
615.40103
678.73693
741.54496
679.67892
665.07697
655.82681
648.44704
729.05397
707.4759
668.38288
754.67515
743.08991
983.88696
699.543
690.74202
749.67194
711.96294
630.41091
678.22695
640.03396
601.50099
650.77901
670.3589
602.76794
585.41298
589.52498
642.78698
726.87292
658.04315
682.796
644.51504
712.27717
712.31198
681.01501
706.27093
661.02409
657.01079
744.05313
721.08793
760.83803
745.96405
795.23897
784.47294
907.95898
917.01102
886.3492
777.43816
780.03097
813.17186
766.34192
772.28904
928.23386
846.64798
837.02707
941.10394
903.69391
810.31108
849.50495
841.043
836.36808
859.622
785.80117
1019.56511
849.14207
912.77504
744.92002
665.96508
713.88793
832.91793
695.59598
716.83598
704.69785
711.22313
695.74022
752.06399
666.27407
696.50888
684.02815
746.00482
718.36114
809.41391
852.82993
744.72094
789.80112
785.93087
820.04189
770.08319
815.76514
768.4319
739.58015
797.03617
828.14217
794.29293
827.44694
803.08199
762.08687
756.77013
811.80286
688.31992
771.07215
757.80988
796.19598
783.15997
774.43886
742.769
738.17992
789.66308
831.80404
852.07796
739.09688
830.16205
796.18907
1000.37503
914.38198
908.8521
873.05999
899.92094
832.92699
897.64786
813.26008
857.88202
823.41719
831.78806
835.86097
782.06801
788.92994
888.43489
821.9521
891.7048
804.71802
850.89707
818.71581
803.88594
794.53897
851.13406
819.01288
794.94596
835.54912
744.31586
794.27409
777.47607
721.07911
731.08292
833.57096
982.03206
926.73111
1016.78014
782.26304
919.2431
753.99899
809.01885
811.2812
832.1321
836.78293
864.63714
945.70494
853.40285
853.90711
832.04007
974.43604
811.37609
754.38499
