          329.9191,
          325.073,
          334.89203,
          324.46408,
          329.30684,
          326.81704,
          329.71406,
          328.62115,
          326.20406,
          333.09722,
          335.51192,
          327.2059,
          325.09398,
          325.01698,
          328.8269,
          330.5819,
          395.65492,
          330.3771,
          325.51098,
          337.41999,
          325.92297,
          333.69589,
          325.51789,
          326.19882,
          325.22392,
          328.63998,
          329.10514,
          329.44918,
          326.64919,
          323.70591,
          340.32893,
          325.86694,
          341.609,
          329.82802,
          342.76605,
          325.46401,
          324.70083,
          324.53299,
          326.07698,
          329.82707,
          342.40198,
          338.06705,
          346.31896,
          403.89991,
          326.26104,
          329.85187,
          328.28188,
          329.33402,
          414.52789,
          582.94296,
          547.04285,
          334.28502,
          385.92696,
          331.40182,
          326.20096,
          329.7081,
          327.02208,
          331.96402,
          327.02804,
          353.95885,
          336.66301,
          343.10603,
          346.86208,
          337.45313,
          324.84603,
          330.52588,
          348.43206,
          344.94305,
          328.65095,
          343.59884,
          338.42683,
          325.66404,
          331.846,
          331.17318,
          325.04106,
          325.58298,
          326.33209,
          339.2601,
          333.45008,
          325.21892,
          426.48888,
          331.90989,
          333.4589,
          327.06499,
          341.37607,
          329.51403,
          326.78795,
          329.51498,
          350.21496,
          324.69392,
          343.02902,
          345.83211,
          328.68099,
          324.53203,
          335.96492,
          351.17316,
          343.25814,
          342.10706,
          343.01305,
          543.20812,
          633.15415,
          335.21104,
          416.6019,
          327.32296,
          333.18305,
          357.55706,
          354.74896,
          374.825,
          390.3842,
          330.67012,
          400.06399,
          329.28991,
          340.16299,
          329.47016,
          334.17511,
          345.15595,
          329.34809,
          356.40287,
          324.44501,
          349.81298,
          331.54893,
          369.94481,
          410.63094,
          331.28309,
          327.73018,
          351.27497,
          338.64903,
          328.71699,
          325.81782,
          369.37094,
          340.85417,
          329.68497,
          350.39306,
          339.09297,
          329.96702,
          368.12711,
          335.9592,
          334.77116,
          327.42095,
          327.5969,
          341.41493,
          422.74022,
          332.34096,
          328.53889,
          327.40998,
          327.37398,
          348.89603,
          323.79794,
          327.47102,
          503.52192,
          553.63202,
          328.79686,
          325.0649,
          324.95189,
          331.54583,
          326.78795,
          329.602,
          325.29807,
          326.792,
          326.73097,
          327.18182,
          352.90194,
          366.56308,
          325.92607,
          329.072,
          336.43603,
          325.67906,
          325.51599,
          344.61498,
          345.04485,
          333.51707,
          326.99394,
          324.80788,
          324.80288,
          334.70392,
          324.69296,
          340.66105,
          334.22804,
          333.3981,
          335.40511,
          327.81005,
          330.20592,
          326.80321,
          327.25096,
          337.90803,
          359.17521,
          339.16903,
          330.66702,
          348.67907,
          332.07512,
          365.64922,
          330.338,
          345.38007,
          329.20885,
          354.81501,
          371.62614,
          350.94714,
          327.71015,
          339.51211,
          531.99005
