342.38887
309.23104
312.87003
303.53117
312.52003
320.50991
327.74901
311.57303
304.56614
306.61702
310.66394
309.13997
302.1431
295.07208
314.48698
314.30197
311.167
300.49896
304.07119
308.99
301.45884
296.9079
305.74107
309.71599
509.60588
301.74112
298.99001
294.26885
312.25109
301.32389
307.59001
299.366
302.02889
304.8799
308.56991
311.27906
296.58008
297.93811
299.74484
301.56684
297.27006
300.95601
318.18104
299.11184
306.81515
304.667
294.01112
307.9412
305.63211
483.24394
306.44298
310.0338
301.60499
305.058
293.71309
633.94809
298.07997
326.17402
331.49505
314.94308
322.22414
309.19719
310.39882
355.232
319.79918
307.55186
345.09492
317.44695
307.89304
301.06902
297.04714
306.51307
303.59888
309.40199
473.95492
303.53498
302.47617
305.60613
301.35798
294.29197
295.05897
296.18001
297.00398
292.70101
306.28085
302.95515
296.17405
307.36899
298.16604
323.41194
302.82307
294.92807
311.99098
296.07701
303.14994
303.828
295.17889
303.11108
298.99287
492.65695
