325.073
324.46408
326.81704
328.62115
333.09722
327.2059
325.01698
330.5819
330.3771
337.41999
333.69589
326.19882
328.63998
329.44918
323.70591
325.86694
329.82802
325.46401
324.53299
329.82707
338.06705
403.89991
329.85187
329.33402
582.94296
334.28502
331.40182
329.7081
331.96402
353.95885
343.10603
337.45313
330.52588
344.94305
343.59884
325.66404
331.17318
325.58298
339.2601
325.21892
331.90989
327.06499
329.51403
329.51498
324.69392
345.83211
324.53203
351.17316
342.10706
543.20812
335.21104
327.32296
357.55706
374.825
330.67012
329.28991
329.47016
345.15595
356.40287
349.81298
369.94481
331.28309
351.27497
328.71699
369.37094
329.68497
339.09297
368.12711
334.77116
327.5969
422.74022
328.53889
327.37398
323.79794
503.52192
328.79686
324.95189
326.78795
325.29807
326.73097
352.90194
325.92607
336.43603
325.51599
345.04485
326.99394
324.80288
324.69296
334.22804
335.40511
330.20592
327.25096
359.17521
330.66702
332.07512
330.338
329.20885
371.62614
327.71015
531.99005
