          684.52501,
          734.42698,
          761.56497,
          705.11293,
          647.35794,
          657.62091,
          596.78888,
          734.45106,
          756.43206,
          614.27402,
          755.31793,
          736.81903,
          620.52703,
          682.73401,
          619.86995,
          632.77006,
          680.12094,
          841.12191,
          652.51589,
          702.09289,
          743.80612,
          722.07904,
          700.23298,
          728.96004,
          770.79701,
          706.72107,
          576.69091,
          704.81181,
          709.98716,
          768.95213,
          572.64709,
          675.23408,
          553.17307,
          634.74417,
          514.70804,
          533.68402,
          493.83807,
          405.99298,
          520.59102,
          595.78109,
          556.18906,
          524.66702,
          675.37189,
          431.90193,
          538.53202,
          431.89597,
          436.99384,
          348.62781,
          435.04381,
          630.95593,
          663.91301,
          395.20788,
          497.77889,
          447.18599,
          464.02192,
          605.02386,
          597.2929,
          494.08793,
          598.37794,
          479.86603,
          756.2952,
          518.34106,
          542.30118,
          439.75496,
          480.82495,
          377.32005,
          377.2459,
          444.15617,
          464.07413,
          371.87481,
          356.33707,
          408.86712,
          373.11006,
          401.577,
          396.46697,
          430.23586,
          421.30399,
          382.47991,
          402.99582,
          370.56208,
          441.23507,
          483.02197,
          358.86788,
          343.86611,
          377.98095,
          391.01791,
          388.31902,
          356.46892,
          404.79898,
          381.32596,
          361.24897,
          456.41208,
          390.73706,
          361.89699,
          370.20802,
          365.74697,
          370.58997,
          361.24301,
          363.03306,
          546.74506,
          566.39099,
          388.92794,
          356.00305,
          356.04811,
          390.67793,
          350.00396,
          398.067,
          360.12983,
          393.98789,
          458.06098,
          377.35105,
          375.25201,
          366.59312,
          421.86499,
          409.67703,
          364.74299,
          401.21102,
          386.88707,
          345.38007,
          482.64194,
          354.87413,
          373.67892,
          432.15108,
          365.73601,
          426.78785,
          378.13306,
          371.2821,
          455.91116,
          364.49289,
          437.42394,
          352.51307,
          368.51692,
          357.46813,
          346.27295,
          398.00406,
          383.82006,
          348.3851,
          482.27692,
          450.17505,
          423.93804,
          421.09919,
          405.24912,
          435.81796,
          727.33998,
          368.22891,
          419.60597,
          450.17195,
          430.44996,
          432.20901,
          561.92994,
          606.85587,
          351.74704,
          374.84598,
          370.38302,
          409.73091,
          385.20789,
          408.20789,
          415.205,
          413.32698,
          366.41002,
          393.69297,
          440.19699,
          408.57482,
          396.22188,
          408.33402,
          389.7419,
          370.55898,
          375.23007,
          407.42207,
          412.40191,
          371.14191,
          403.15604,
          358.65712,
          426.99313,
          437.88695,
          365.64112,
          355.26299,
          345.85118,
          378.50213,
          352.93794,
          380.97215,
          383.44717,
          346.05289,
          440.73701,
          398.48995,
          365.94701,
          408.62298,
          349.55692,
          407.13596,
          360.99219,
          376.95122,
          408.87594,
          363.56401,
          409.37996,
          383.255,
          369.29917,
          468.21713,
          460.39701,
          383.24499,
          594.20991
