351.40896
374.20988
406.76904
485.73112
366.14799
363.31296
423.26903
454.6082
452.96693
447.98398
378.81184
373.47889
403.71299
425.58599
346.92097
415.69495
355.38411
365.95297
537.66298
540.22408
671.71192
547.08195
691.7789
510.02502
594.44308
555.14097
596.84014
548.37489
657.14622
552.58107
543.79201
642.17591
600.34895
532.07684
546.95511
651.40414
621.88196
625.51284
842.27085
643.90302
562.29281
933.35605
644.60588
713.902
588.22799
753.20697
590.80219
830.61695
610.67295
807.98697
887.44807
627.47002
735.86416
684.24416
681.92005
613.70707
581.43497
571.52295
547.34802
643.48197
580.42908
595.68882
645.22195
580.69491
739.93707
684.61704
603.15704
738.33013
583.27413
579.31209
564.5349
645.13397
574.91398
555.47094
856.12607
619.61508
642.53187
812.41107
670.25495
652.61197
1113.36303
592.55004
629.29106
608.75797
604.78187
663.21993
560.83298
614.78305
610.74185
634.66501
634.04489
785.02011
668.63203
632.52497
664.24203
674.371
680.87101
604.76089
604.65908
843.89019
818.80808
577.39806
512.97116
441.32614
487.77008
368.64805
417.36913
494.49492
406.50487
391.27493
352.4189
426.99289
398.92411
364.53009
473.98305
400.99096
386.31797
414.89983
412.23216
375.43392
407.21416
366.05406
379.22907
380.85079
479.50792
348.40488
460.13498
436.73801
359.78293
421.90289
596.42887
461.30109
375.05388
374.39585
407.27687
379.8871
412.6451
369.3819
458.72498
475.74615
502.03085
435.42504
402.0021
492.11502
472.95308
500.22793
372.015
392.84682
385.57315
558.71391
582.63397
407.24611
416.01896
379.77099
421.90003
422.86515
363.00898
396.16704
378.66187
445.53494
369.62199
392.64798
408.12397
357.29504
503.13711
379.32801
381.91295
431.23722
405.27987
407.15504
388.7341
441.06102
435.44006
454.8378
446.64311
448.50016
414.63017
372.73383
405.195
356.15587
424.97897
404.41298
425.73309
474.01404
416.55803
369.70305
370.16392
370.01681
466.24899
435.13894
385.12015
364.29596
388.90004
421.27585
373.85201
349.90597
436.1639
344.36011
460.81185
633.39806
