318.71295
297.48201
295.03202
305.00293
316.05101
295.72201
293.83397
324.76497
299.752
304.87609
299.91698
294.02995
302.96779
295.57204
312.37102
293.29085
301.02587
314.58592
307.45602
296.74792
306.59795
293.2291
294.53683
295.38703
474.99895
306.77795
294.70515
301.97597
295.748
297.91784
300.77696
307.08909
296.8688
553.37906
310.0419
293.13207
295.95995
296.65399
293.58888
311.89394
624.44401
299.47805
294.34299
298.29192
296.60511
293.26987
294.6279
298.67411
298.12002
469.74516
297.44697
299.77489
304.06404
300.05193
299.98088
293.2241
294.8668
294.19303
300.67801
294.8842
295.59398
295.02392
293.97011
294.52896
297.25504
296.9501
300.39096
305.70412
305.53007
297.75906
300.565
296.15307
296.57888
295.31717
484.797
301.76401
296.19479
296.04411
310.84108
306.29015
302.23107
307.16801
299.48306
310.42409
299.28088
303.75099
300.58002
299.35002
303.69282
320.52398
298.75302
296.95201
300.85993
296.45896
327.91185
297.49799
296.32521
308.11501
300.07005
467.45586
