422.14799
366.49895
454.26106
420.66002
377.73609
411.88598
373.16799
414.53004
399.93
428.0889
390.2359
394.78207
408.47206
387.81309
412.51898
421.64016
396.11697
440.41204
423.36798
402.83608
475.14296
402.27389
425.75192
383.36396
414.87503
378.66902
376.18208
473.207
385.391
421.18406
425.21501
390.92302
441.31708
406.45599
381.73795
420.37511
390.15508
406.51798
375.15688
409.24716
383.04305
429.26216
386.04999
374.14503
389.02903
385.38218
386.28602
419.97504
367.67197
453.74298
568.93396
383.77309
370.69082
396.24882
390.49006
388.42511
505.95188
407.897
372.50495
412.14013
394.17887
397.62521
398.89693
385.03504
384.24301
381.71697
420.34888
394.89007
379.38786
434.412
376.261
439.14294
407.10711
384.84907
400.64478
379.49395
410.73203
402.385
367.29503
385.3972
375.90981
478.31392
385.47206
833.81295
377.37107
412.36019
393.893
395.50304
407.07898
375.98205
386.78122
388.24606
394.39797
403.76306
383.04305
438.36308
390.44213
381.11615
398.36979
417.46092
642.21692
453.86505
448.23503
415.10201
435.13298
379.91405
398.42987
433.84314
372.00999
413.88011
381.55484
409.51109
398.9079
379.14705
418.96415
440.768
406.389
426.62406
428.52402
398.91815
376.25623
401.64995
486.32908
463.47094
393.93401
809.41296
776.7868
420.26687
393.91112
408.59008
429.89302
461.76791
424.61705
383.38804
469.36011
429.11005
452.47698
412.40096
557.20282
435.12607
568.55106
442.35301
393.50009
452.73805
380.04589
389.14013
398.6659
392.65394
392.38906
512.45379
1105.20101
432.89304
369.93003
394.00101
414.54792
377.13099
373.1699
380.64504
396.51704
442.65795
373.48413
455.13105
393.87798
399.92595
490.56911
468.73903
427.53506
402.5979
447.39318
379.49896
373.88802
379.57001
380.63312
418.65587
382.03096
407.98116
388.46087
387.51507
378.74603
390.03897
409.72614
390.53988
415.797
391.27898
393.77213
430.34887
400.56109
382.85589
395.16497
385.99706
442.662
429.60191
802.79708
392.89999
395.2589
410.52294
407.98593
514.82892
458.78696
486.98092
