340.79099
359.55501
339.60795
346.807
377.08497
339.3631
353.3349
333.54998
374.897
338.94205
353.40786
370.78905
339.82396
341.55989
349.76912
349.90096
347.8229
382.65705
334.11312
400.57516
363.65795
342.69118
387.04705
376.52111
347.29981
348.12593
348.55008
339.96487
358.36697
342.57817
388.00502
392.71903
335.90889
722.16702
345.59393
355.48806
333.51588
341.17007
345.23797
352.31113
326.67494
367.03897
340.34109
374.14312
345.09587
358.13594
341.19606
366.45103
347.22304
397.34077
549.45016
347.67509
355.02386
343.70303
360.62384
389.9281
362.08105
365.86308
352.39816
343.31799
347.66603
346.08102
348.68312
380.97501
349.57218
345.66998
350.89207
342.39388
342.12017
348.88697
355.46589
349.41196
346.05193
365.3059
334.62882
343.29391
339.84494
360.49819
358.46901
324.42093
345.92295
339.91504
389.29796
351.26901
340.31296
343.81914
394.25206
371.19484
373.86489
331.56395
351.57919
393.20302
366.06598
366.57596
437.67595
411.44586
344.00392
336.1609
339.34307
406.14986
507.95984
335.07299
340.74998
344.33413
338.82403
342.75699
350.57592
377.36511
350.18992
340.19017
366.28199
357.65004
339.72502
347.36586
341.16292
340.33203
334.28097
345.97087
335.02698
346.66586
360.4672
357.27
393.00013
332.20887
735.94999
335.19292
352.00906
348.78802
350.07787
347.76688
348.19102
370.54491
339.12396
343.48297
339.80012
340.88898
338.21702
343.16492
337.39281
342.556
328.59302
332.53908
342.08107
331.67505
427.08993
342.84496
402.07601
353.93119
449.41902
446.80309
502.9881
327.30198
344.95902
335.67095
414.87503
375.17095
350.5609
349.99704
337.70108
344.42401
338.07707
357.89299
355.16191
346.03906
337.20398
340.6651
344.81788
345.32309
353.99914
332.17001
351.8312
344.68102
337.39185
340.44003
331.54202
347.30506
335.57582
316.2818
344.46716
343.30392
346.28296
338.66501
341.717
361.37104
334.29098
345.3598
384.73797
341.08591
328.31192
335.25205
346.98701
331.78592
345.78705
344.33889
341.72392
343.21308
336.6878
345.91985
341.55202
393.10694
