336.21812
342.38887
321.95306
309.23104
313.47585
312.87003
311.12099
303.53117
305.57299
312.52003
330.87111
320.50991
306.82397
327.74901
325.67
311.57303
303.74289
304.56614
295.56298
306.61702
292.1989
310.66394
296.134
309.13997
304.44407
302.1431
307.52182
295.07208
301.44811
314.48698
311.53989
314.30197
315.48977
311.167
299.32022
300.49896
307.29103
304.07119
297.93191
308.99
314.67605
301.45884
301.8539
296.9079
298.58899
305.74107
294.40522
309.71599
307.36089
509.60588
427.94299
301.74112
302.14
298.99001
300.76218
294.26885
302.43802
312.25109
312.65116
301.32389
305.2032
307.59001
309.79013
299.366
301.21994
302.02889
304.57687
304.8799
314.76188
308.56991
308.0008
311.27906
298.5661
296.58008
296.37098
297.93811
296.69094
299.74484
300.1709
301.56684
292.88888
297.27006
303.19595
300.95601
309.22604
318.18104
305.44901
299.11184
319.03887
306.81515
304.36492
304.667
310.81009
294.01112
294.67797
307.9412
304.92806
305.63211
317.50703
483.24394
451.35808
306.44298
306.13494
310.0338
306.56004
301.60499
307.07908
305.058
302.84905
293.71309
312.15715
633.94809
299.26705
298.07997
295.87698
326.17402
307.91712
331.49505
316.63108
314.94308
314.94212
322.22414
318.66813
309.19719
309.74698
310.39882
306.57005
355.232
335.53004
319.79918
305.10998
307.55186
306.57291
345.09492
310.13298
317.44695
306.87785
307.89304
302.83093
301.06902
335.09803
297.04714
311.9421
306.51307
310.37307
303.59888
308.74586
309.40199
299.20101
473.95492
437.44206
303.53498
317.09313
302.47617
313.03
305.60613
294.29984
301.35798
305.58801
294.29197
304.20804
295.05897
299.97921
296.18001
307.441
297.00398
294.04497
292.70101
297.62793
306.28085
297.20402
302.95515
297.3659
296.17405
304.70109
307.36899
294.32106
298.16604
294.25383
323.41194
297.81199
302.82307
301.98097
294.92807
315.31906
311.99098
291.16416
296.07701
299.13998
303.14994
297.82581
303.828
296.48304
295.17889
293.962
303.11108
300.16708
298.99287
302.20199
492.65695
