303.99394
318.71295
317.01899
297.48201
295.73178
295.03202
299.69692
305.00293
298.90203
316.05101
301.21708
295.72201
295.16506
293.83397
304.36516
324.76497
304.70896
299.752
302.89197
304.87609
293.46395
299.91698
311.98192
294.02995
299.96109
302.96779
301.56493
295.57204
309.26991
312.37102
299.81208
293.29085
316.86497
301.02587
294.73901
314.58592
626.50084
307.45602
292.65022
296.74792
294.173
306.59795
292.78398
293.2291
308.46286
294.53683
295.49408
295.38703
295.75491
474.99895
429.11291
306.77795
296.72599
294.70515
294.43002
301.97597
294.14701
295.748
296.58604
297.91784
300.71402
300.77696
292.36507
307.08909
296.911
296.8688
307.28292
553.37906
294.7762
310.0419
294.05904
293.13207
309.39078
295.95995
298.62785
296.65399
293.17999
293.58888
298.87915
311.89394
300.82297
624.44401
299.66497
299.47805
303.91693
294.34299
297.24193
298.29192
302.15907
296.60511
295.98808
293.26987
298.07401
294.6279
295.55798
298.67411
298.07782
298.12002
295.04013
469.74516
428.3731
297.44697
293.24794
299.77489
312.07681
304.06404
294.35802
300.05193
298.68698
299.98088
308.68793
293.2241
304.11005
294.8668
302.351
294.19303
297.47701
300.67801
313.80415
294.8842
295.89701
295.59398
295.73989
295.02392
310.8151
293.97011
295.48502
294.52896
300.46701
297.25504
294.78002
296.9501
296.51809
300.39096
297.18304
305.70412
304.35896
305.53007
295.84813
297.75906
293.89691
300.565
300.76289
296.15307
294.33894
296.57888
300.49491
295.31717
298.43402
484.797
431.29778
301.76401
304.88491
296.19479
296.04888
296.04411
308.03013
310.84108
297.97816
306.29015
315.4521
302.23107
297.57404
307.16801
299.45111
299.48306
294.43812
310.42409
299.51
299.28088
312.57796
303.75099
297.42408
300.58002
294.21401
299.35002
299.91102
303.69282
301.24903
320.52398
299.44897
298.75302
299.155
296.95201
299.95179
300.85993
296.79489
296.45896
293.75601
327.91185
297.19186
297.49799
311.77711
296.32521
294.70205
308.11501
297.05191
300.07005
300.25101
467.45586
