552.51598
549.30687
551.57495
653.48816
555.46188
685.97507
549.66307
550.32206
555.92513
553.07794
564.65602
555.91702
556.95009
550.05002
580.832
563.42793
554.64506
553.59292
587.7552
571.43092
550.59505
551.74088
549.42012
553.59101
552.31905
551.65315
555.45211
622.65396
551.88012
549.95584
553.83706
1034.29103
1636.71398
2178.52712
1954.66185
2192.89923
2232.56922
2258.84795
1569.09704
550.41504
550.08411
552.08087
551.25904
553.97511
550.79484
551.66602
552.33598
550.90594
552.93202
592.78417
707.60393
559.726
551.04113
553.10988
550.51303
552.29783
567.53302
629.66609
641.675
554.04806
555.9299
551.52988
550.95911
552.36387
552.10209
551.03517
551.43094
572.70408
552.0618
565.31811
551.50509
551.07999
552.423
550.0741
551.15581
552.19722
554.08907
553.18403
550.81415
550.42386
550.43292
560.40502
550.57216
552.04701
552.22011
550.81892
551.26095
569.56506
553.67613
552.83499
555.54819
551.84007
553.00713
559.51285
550.66895
553.39193
552.33693
552.40917
552.68383
595.09397
720.17288
553.77102
555.21297
555.76611
554.07023
555.11308
554.03495
553.76792
551.14198
555.84788
552.17385
553.07198
568.69698
553.03884
553.88784
654.40583
551.28789
553.60317
553.04217
613.05094
550.982
552.98805
561.99002
560.99606
552.02484
552.6979
653.99098
564.17203
609.79104
550.76814
551.58091
553.59697
550.15016
552.3479
550.9069
557.51991
551.95618
878.46589
579.09083
556.75578
558.59113
569.26107
562.47497
664.53791
554.72016
550.83394
550.32802
551.78785
569.02504
591.92801
722.09692
554.15797
558.32696
553.65014
611.92608
552.459
552.99211
656.5249
552.42181
552.81496
573.40312
572.74294
617.872
552.25897
570.63198
552.88601
552.47998
553.36404
555.32193
551.42403
569.70119
563.16304
552.1419
577.7061
549.89791
551.62191
552.26493
557.48296
554.02207
551.82195
550.33207
553.49803
553.35689
554.29006
551.26691
553.48897
551.43309
551.44715
550.65489
576.56312
552.64497
551.48983
553.26915
549.23606
554.6639
573.14396
553.94197
558.79807
581.59804
608.89387
