556.39291
588.94682
626.16396
644.53793
672.96815
682.33299
674.14188
653.56302
610.37803
658.80108
708.98008
636.05189
771.93213
721.00115
675.83084
649.68395
685.56499
605.53288
652.24314
605.30686
611.00006
615.11612
652.26197
533.80585
598.04821
561.41877
544.77215
485.70704
484.68304
480.6509
451.77007
471.66395
437.03794
456.85005
469.44594
474.63894
506.44493
485.38303
455.52397
468.66703
468.05286
450.9871
515.96999
534.16204
524.87493
514.24098
477.67687
498.01302
487.02812
504.14395
642.84396
511.94096
505.13697
439.16082
468.64796
484.98893
468.10412
478.19686
487.97297
447.73197
447.85094
472.24307
469.96784
467.78917
491.23812
484.42698
454.03504
454.51784
471.69614
475.33393
504.48489
457.973
456.98595
468.33992
440.75513
486.83119
472.47791
484.60197
516.82091
473.51003
492.70606
534.81388
494.61794
522.42208
498.10195
583.18281
498.32511
551.67508
502.88796
489.40778
877.84505
1734.8702
571.91896
560.60982
590.62791
613.76405
611.8741
660.84814
570.15395
588.18984
731.5588
596.42911
543.00904
555.58395
578.26686
594.68102
591.90607
620.17393
667.59086
662.7512
657.50003
760.06508
776.22485
800.38309
746.95706
720.46304
694.11302
650.35391
626.78003
613.90901
677.13213
702.24619
779.02198
831.03681
770.329
744.56906
803.28393
794.04283
735.42118
812.66999
662.90998
631.24514
684.63898
663.09094
670.31503
724.61605
705.99818
653.64981
771.7061
639.71305
724.473
674.87001
691.94913
665.65681
663.73706
700.74487
743.83521
684.85999
634.34601
718.59694
864.645
610.87704
670.64404
651.87502
666.48006
682.62196
657.29213
593.63008
563.83491
580.11603
551.19514
571.85197
537.26697
559.8278
531.96597
521.81816
509.05204
474.13588
523.80395
540.80391
463.35196
480.86309
506.72889
485.59093
487.71787
509.35507
469.9409
489.995
485.71086
568.31503
535.59113
522.97187
542.03916
492.18416
494.97008
512.0821
497.37406
466.94803
494.35091
472.5399
448.56906
478.10912
477.71382
474.70903
452.36993
455.63602
459.32698
426.00703
425.39287
483.25801
