914.84714
785.03799
797.42908
776.81613
857.4121
851.84503
817.343
846.48108
843.27292
778.88608
598.42992
632.38907
671.92793
650.9161
639.40787
716.59303
826.31493
886.74903
873.60406
1080.55091
1082.51309
1127.30002
957.99899
956.83098
940.5508
997.6778
856.534
857.75995
893.73302
731.22716
834.63788
808.27498
759.84812
955.93405
823.06886
909.34515
869.36498
830.8959
879.35686
761.94787
649.99509
679.79097
674.44801
693.48788
711.73406
668.73598
667.73009
653.023
627.86102
633.26192
728.85489
567.78502
562.78205
581.84004
531.5752
484.23314
491.29486
472.05591
581.09808
510.33902
483.8531
473.60992
486.66906
479.00391
516.72697
525.17009
570.93692
532.35507
582.39698
570.29796
515.34295
492.79594
489.8839
491.05597
523.8378
540.83014
493.325
509.89795
537.75907
542.16695
542.35792
553.80607
537.81486
562.14118
614.29477
562.464
537.69803
528.40996
519.56797
512.26592
545.90201
522.67504
513.00287
472.79692
469.04802
481.68516
485.533
468.58621
467.67902
485.83698
737.90002
574.57995
565.07897
559.58009
561.29098
531.56686
529.69122
549.8569
495.05901
536.54003
556.06103
559.57007
524.97888
656.85296
647.53795
664.85596
572.44301
608.96897
597.04399
638.24797
610.52799
589.71286
652.49205
631.90007
658.77008
607.21517
565.43779
670.9981
673.48695
645.86878
670.151
653.2371
630.87106
662.43815
585.59203
579.58102
602.64802
553.41101
625.18001
548.25687
583.83799
585.28304
620.90993
577.63982
652.01092
642.24195
684.81493
648.64397
678.53618
562.26683
762.55512
599.81394
615.62681
552.60396
626.8301
615.40103
687.77585
647.07708
615.40389
669.36207
645.52903
647.74609
614.79902
621.34814
601.5501
608.62899
578.93109
530.71713
593.00113
584.32198
571.64788
570.28103
544.69681
509.10211
494.36688
571.26498
502.846
547.63794
568.56298
592.79704
523.17905
565.94419
565.64903
589.31708
591.99882
530.62391
603.38593
589.02001
582.52501
483.37102
571.15388
523.46611
498.05999
499.24612
502.5599
484.128
577.05688
464.09607
494.72189
491.41788
