581.39896
590.28387
625.76008
934.98492
634.37605
664.75797
633.25691
687.73794
655.36499
754.57811
751.45698
786.64398
672.38498
795.0561
734.19189
677.61111
713.73296
654.01697
723.18602
781.07595
686.72514
657.36198
699.23902
662.35781
664.47401
729.51603
671.90695
679.66795
610.74996
657.92012
675.81987
692.81197
646.10386
722.1818
712.14199
656.58808
638.39889
664.59298
687.61706
668.24198
686.56397
664.63614
659.44505
1018.36419
718.59479
683.12716
689.71801
665.74407
657.75013
721.8461
837.65197
601.87411
623.17801
685.20904
718.13107
737.92005
920.86887
822.1941
904.23012
957.1979
971.0269
994.72499
932.08599
863.88206
914.86311
1002.56181
1345.72911
957.92007
976.22395
773.57292
801.17393
761.56402
650.34103
666.53395
756.181
784.91902
786.43179
793.07103
839.02192
775.02203
826.3061
802.39987
822.3269
761.68704
735.78811
782.71484
814.50009
759.87005
752.65217
835.68597
822.99304
774.055
802.70004
747.1602
708.40502
805.49908
830.41811
818.27998
800.96698
787.08005
1000.72503
862.06794
889.5669
828.71509
765.29884
785.30097
1118.95299
875.90694
993.79897
854.002
902.77505
957.793
891.97206
853.08909
867.08403
1013.659
1103.89805
932.58786
913.99598
883.44407
964.88309
919.59786
1029.27613
1158.21791
1105.5069
1060.38713
1054.77285
1081.35104
997.24698
1156.34298
1090.86609
1092.40985
946.29502
879.36711
791.327
813.25889
735.73494
721.69518
650.23184
700.99115
719.22302
746.29807
774.70207
738.07001
746.07491
746.3541
685.22191
693.03584
729.17819
733.47902
937.07204
817.15584
864.24899
844.00892
876.58811
917.26995
886.84988
843.17017
864.24422
809.55696
714.95819
698.76003
680.97496
787.06098
796.27204
690.87195
698.83204
714.34093
679.74806
637.2509
674.00813
685.74095
636.99698
660.357
626.70016
623.384
637.38608
629.00496
610.13603
629.843
626.06502
611.05013
631.1419
704.47898
692.63721
593.38903
635.59508
595.02506
648.67997
576.65992
597.13697
641.1469
619.85517
620.19587
660.24113
656.99792
547.683
598.24681
584.11813
639.65297
