771.95311
700.19913
681.76508
698.46201
694.60511
698.98415
759.59802
843.85896
757.00402
880.68509
795.81714
802.37007
876.66106
747.06602
809.15189
755.33295
847.49985
827.79098
818.41898
827.36802
726.1939
753.31402
736.97901
694.23103
780.53689
813.58194
727.93603
653.08189
723.38319
877.74491
839.62512
780.07507
709.96499
759.80496
849.75314
794.68489
763.42702
830.04498
849.25413
826.64299
745.08095
795.17484
880.75686
901.34788
842.75913
892.88116
802.1729
812.77108
801.80907
755.67293
914.25395
923.34008
791.3909
800.9398
824.4679
764.26601
751.31202
837.52012
835.12402
846.92001
814.19206
822.60013
997.28894
943.42208
872.36881
868.65592
899.42193
926.33986
952.32916
862.86497
915.36784
948.85516
937.96992
947.44706
910.11095
1021.93594
998.81601
974.44582
801.42021
792.13905
791.55493
776.46017
694.97895
723.10615
680.53508
754.72307
718.45198
683.52699
652.96888
637.38489
680.73201
649.76001
687.6111
647.01796
556.93603
650.37179
601.13001
629.76909
548.45691
614.33983
945.52398
650.02799
598.47808
665.2689
668.39194
606.78005
634.49788
590.40284
573.45414
593.91189
645.36905
579.18811
596.50397
602.80895
911.37099
559.1259
626.78599
560.31013
547.86897
565.12594
609.864
575.35386
516.66713
579.5691
570.18304
598.98806
526.38197
553.78604
566.43295
551.67699
573.79794
594.65504
599.14303
604.19488
579.12302
586.18808
608.2902
657.50098
552.77181
630.4481
682.7178
670.87197
651.99113
623.02089
613.40094
731.85301
632.10082
639.40406
702.44193
616.74094
818.71295
641.61086
679.58999
689.54182
656.48198
720.70813
671.82112
649.50991
680.63998
641.72006
665.23385
656.77595
647.27592
637.12287
707.09705
696.09213
610.61811
581.05803
659.24907
736.06801
683.6319
699.24402
635.97798
682.4429
757.47514
663.42092
680.60923
631.08993
651.25704
606.30608
701.68209
668.02096
649.65892
779.90198
721.37403
770.40601
671.75388
667.98401
668.9899
656.36706
609.52711
577.425
626.11008
615.01694
633.16584
650.02418
677.70195
766.06417
674.0191
715.25788
